/*--------------------------------*- C++ -*----------------------------------*\
| =========                 |                                                 |
| \\      /  F ield         | OpenFOAM: The Open Source CFD Toolbox           |
|  \\    /   O peration     | Version:  2.3.1                                 |
|   \\  /    A nd           | Web:      www.OpenFOAM.org                      |
|    \\/     M anipulation  |                                                 |
\*---------------------------------------------------------------------------*/
FoamFile
{
    version     2.0;
    format      ascii;
    class       faceSet;
    location    "constant/polyMesh/sets";
    object      AMI;
}
// * * * * * * * * * * * * * * * * * * * * * * * * * * * * * * * * * * * * * //


1600
(
45057 
45060 
45063 
45066 
45069 
45072 
45075 
45078 
45081 
45084 
45087 
45090 
45093 
45096 
45099 
45102 
45105 
28722 
45108 
28725 
45111 
28728 
45114 
28731 
45117 
28734 
45120 
28737 
45123 
28740 
45126 
28743 
45129 
28746 
45132 
28749 
45135 
28752 
45138 
28755 
45141 
28758 
45144 
28761 
45147 
28764 
45150 
28767 
45153 
28770 
45156 
28773 
45158 
28776 
28779 
28782 
28785 
28788 
28791 
28794 
28797 
28800 
28803 
28806 
28809 
28812 
28815 
28818 
28821 
28824 
28827 
28830 
28833 
28836 
28838 
57522 
57525 
57528 
57531 
57534 
57537 
57540 
57543 
57546 
57549 
57552 
57555 
57558 
57561 
57564 
57567 
57570 
57573 
57576 
57579 
57582 
57585 
41202 
57588 
41205 
57591 
41208 
57594 
41211 
57597 
41214 
57600 
41217 
57603 
41220 
57606 
41223 
57609 
41226 
57612 
41229 
57615 
41232 
57618 
41235 
57621 
41238 
57624 
41241 
57627 
41244 
57630 
41247 
57633 
41250 
57636 
41253 
57638 
41256 
41259 
41262 
41265 
24882 
41268 
24885 
41271 
24888 
41274 
24891 
41277 
24894 
41280 
24897 
41283 
24900 
41286 
24903 
41289 
24906 
41292 
24909 
41295 
24912 
41298 
24915 
41301 
24918 
41304 
24921 
41307 
24924 
41310 
24927 
41313 
24930 
41316 
24933 
41318 
24936 
24939 
24942 
24945 
24948 
24951 
24954 
24957 
24960 
24963 
24966 
24969 
24972 
24975 
24978 
24981 
24984 
24987 
24990 
24993 
24996 
24998 
53682 
53685 
53688 
53691 
53694 
53697 
53700 
53703 
53706 
53709 
53712 
53715 
53718 
53721 
53724 
53727 
53730 
53733 
53736 
53739 
53742 
53745 
37362 
53748 
37365 
53751 
37368 
53754 
37371 
53757 
37374 
53760 
37377 
53763 
37380 
53766 
37383 
53769 
37386 
53772 
37389 
53775 
37392 
53778 
37395 
53781 
37398 
53784 
37401 
53787 
37404 
53790 
37407 
53793 
37410 
53796 
37413 
53798 
37416 
37419 
37422 
37425 
37428 
37431 
37434 
37437 
37440 
37443 
37446 
37449 
37452 
37455 
37458 
37461 
37464 
37467 
37470 
37473 
37476 
37478 
49842 
49845 
49848 
49851 
49854 
49857 
49860 
49863 
49866 
49869 
49872 
49875 
49878 
49881 
49884 
49887 
49890 
49893 
49896 
49899 
49902 
49905 
33522 
49908 
33525 
49911 
33528 
49914 
33531 
49917 
33534 
49920 
33537 
49923 
33540 
49926 
33543 
49929 
33546 
49932 
33549 
49935 
33552 
49938 
33555 
49941 
33558 
49944 
33561 
49947 
33564 
49950 
33567 
49953 
33570 
49956 
33573 
49958 
33576 
33579 
33582 
33585 
33588 
33591 
33594 
33597 
33600 
33603 
33606 
33609 
33612 
33615 
33618 
33621 
33624 
33627 
33630 
33633 
33636 
33638 
46002 
46005 
46008 
46011 
46014 
46017 
46020 
46023 
46026 
46029 
46032 
46035 
46038 
46041 
46044 
46047 
46050 
46053 
46056 
46059 
46062 
46065 
29682 
46068 
29685 
46071 
29688 
46074 
29691 
46077 
29694 
46080 
29697 
46083 
29700 
46086 
29703 
46089 
29706 
46092 
29709 
46095 
29712 
46098 
29715 
46101 
29718 
46104 
29721 
46107 
29724 
46110 
29727 
46113 
29730 
46116 
29733 
46118 
29736 
29739 
29742 
29745 
29748 
29751 
29754 
29757 
29760 
29763 
29766 
29769 
29772 
29775 
29778 
29781 
29784 
29787 
29790 
29793 
29796 
29798 
58482 
58485 
58488 
58491 
58494 
58497 
58500 
58503 
58506 
58509 
58512 
58515 
58518 
58521 
58524 
58527 
58530 
58533 
58536 
58539 
58542 
58545 
42162 
58548 
42165 
58551 
42168 
58554 
42171 
58557 
42174 
58560 
42177 
58563 
42180 
58566 
42183 
58569 
42186 
58572 
42189 
58575 
42192 
58578 
42195 
58581 
42198 
58584 
42201 
58587 
42204 
58590 
42207 
58593 
42210 
58596 
42213 
58598 
42216 
42219 
42222 
42225 
25842 
42228 
25845 
42231 
25848 
42234 
25851 
42237 
25854 
42240 
25857 
42243 
25860 
42246 
25863 
42249 
25866 
42252 
25869 
42255 
25872 
42258 
25875 
42261 
25878 
42264 
25881 
42267 
25884 
42270 
25887 
42273 
25890 
42276 
25893 
42278 
25896 
25899 
25902 
25905 
25908 
25911 
25914 
25917 
25920 
25923 
25926 
25929 
25932 
25935 
25938 
25941 
25944 
25947 
25950 
25953 
25956 
25958 
54642 
54645 
54648 
54651 
54654 
54657 
54660 
54663 
54666 
54669 
54672 
54675 
54678 
54681 
54684 
54687 
54690 
54693 
54696 
54699 
54702 
54705 
38322 
54708 
38325 
54711 
38328 
54714 
38331 
54717 
38334 
54720 
38337 
54723 
38340 
54726 
38343 
54729 
38346 
54732 
38349 
54735 
38352 
54738 
38355 
54741 
38358 
54744 
38361 
54747 
38364 
54750 
38367 
54753 
38370 
54756 
38373 
54758 
38376 
38379 
38382 
38385 
38388 
38391 
38394 
38397 
38400 
38403 
38406 
38409 
38412 
38415 
38418 
38421 
38424 
38427 
38430 
38433 
38436 
38438 
50802 
50805 
50808 
50811 
50814 
50817 
50820 
50823 
50826 
50829 
50832 
50835 
50838 
50841 
50844 
50847 
50850 
50853 
50856 
50859 
50862 
50865 
34482 
50868 
34485 
50871 
34488 
50874 
34491 
50877 
34494 
50880 
34497 
50883 
34500 
50886 
34503 
50889 
34506 
50892 
34509 
50895 
34512 
50898 
34515 
50901 
34518 
50904 
34521 
50907 
34524 
50910 
34527 
50913 
34530 
50916 
34533 
50918 
34536 
34539 
34542 
34545 
34548 
34551 
34554 
34557 
34560 
34563 
34566 
34569 
34572 
34575 
34578 
34581 
34584 
34587 
34590 
34593 
34596 
34598 
46962 
46965 
46968 
46971 
46974 
46977 
46980 
46983 
46986 
46989 
46992 
46995 
46998 
47001 
47004 
47007 
47010 
47013 
47016 
47019 
47022 
47025 
30642 
47028 
30645 
47031 
30648 
47034 
30651 
47037 
30654 
47040 
30657 
47043 
30660 
47046 
30663 
47049 
30666 
47052 
30669 
47055 
30672 
47058 
30675 
47061 
30678 
47064 
30681 
47067 
30684 
47070 
30687 
47073 
30690 
47076 
30693 
47078 
30696 
30699 
30702 
30705 
30708 
30711 
30714 
30717 
30720 
30723 
30726 
30729 
30732 
30735 
30738 
30741 
30744 
30747 
30750 
30753 
30756 
30758 
59442 
59445 
59448 
59451 
59454 
59457 
59460 
59463 
59466 
59469 
59472 
59475 
59478 
59481 
59484 
59487 
59490 
59493 
59496 
59499 
59502 
59505 
43122 
59508 
43125 
59511 
43128 
59514 
43131 
59517 
43134 
59520 
43137 
59523 
43140 
59526 
43143 
59529 
43146 
59532 
43149 
59535 
43152 
59538 
43155 
59541 
43158 
59544 
43161 
59547 
43164 
59550 
43167 
59553 
43170 
59556 
43173 
59558 
43176 
43179 
43182 
43185 
26802 
43188 
26805 
43191 
26808 
43194 
26811 
43197 
26814 
43200 
26817 
43203 
26820 
43206 
26823 
43209 
26826 
43212 
26829 
43215 
26832 
43218 
26835 
43221 
26838 
43224 
26841 
43227 
26844 
43230 
26847 
43233 
26850 
43236 
26853 
43238 
26856 
26859 
26862 
26865 
26868 
26871 
26874 
26877 
26880 
26883 
26886 
26889 
26892 
26895 
26898 
26901 
26904 
26907 
26910 
26913 
26916 
26918 
55602 
55605 
55608 
55611 
55614 
55617 
55620 
55623 
55626 
55629 
55632 
55635 
55638 
55641 
55644 
55647 
55650 
55653 
55656 
55659 
55662 
55665 
39282 
55668 
39285 
55671 
39288 
55674 
39291 
55677 
39294 
55680 
39297 
55683 
39300 
55686 
39303 
55689 
39306 
55692 
39309 
55695 
39312 
55698 
39315 
55701 
39318 
55704 
39321 
55707 
39324 
55710 
39327 
55713 
39330 
55716 
39333 
55718 
39336 
39339 
39342 
39345 
39348 
39351 
39354 
39357 
39360 
39363 
39366 
39369 
39372 
39375 
39378 
39381 
39384 
39387 
39390 
39393 
39396 
39398 
51762 
51765 
51768 
51771 
51774 
51777 
51780 
51783 
51786 
51789 
51792 
51795 
51798 
51801 
51804 
51807 
51810 
51813 
51816 
51819 
51822 
51825 
35442 
51828 
35445 
51831 
35448 
51834 
35451 
51837 
35454 
51840 
35457 
51843 
35460 
51846 
35463 
51849 
35466 
51852 
35469 
51855 
35472 
51858 
35475 
51861 
35478 
51864 
35481 
51867 
35484 
51870 
35487 
51873 
35490 
51876 
35493 
51878 
35496 
35499 
35502 
35505 
35508 
35511 
35514 
35517 
35520 
35523 
35526 
35529 
35532 
35535 
35538 
35541 
35544 
35547 
35550 
35553 
35556 
35558 
47922 
47925 
47928 
47931 
47934 
47937 
47940 
47943 
47946 
47949 
47952 
47955 
47958 
47961 
47964 
47967 
47970 
47973 
47976 
47979 
47982 
47985 
31602 
47988 
31605 
47991 
31608 
47994 
31611 
47997 
31614 
48000 
31617 
48003 
31620 
48006 
31623 
48009 
31626 
48012 
31629 
48015 
31632 
48018 
31635 
48021 
31638 
48024 
31641 
48027 
31644 
48030 
31647 
48033 
31650 
48036 
31653 
48038 
31656 
31659 
31662 
31665 
31668 
31671 
31674 
31677 
31680 
31683 
31686 
31689 
31692 
31695 
31698 
31701 
31704 
31707 
31710 
31713 
31716 
31718 
60402 
60405 
60408 
60411 
60414 
60417 
60420 
60423 
60426 
60429 
60432 
60435 
60438 
60441 
60444 
60447 
60450 
60453 
60456 
60459 
60462 
60465 
44082 
60468 
44085 
60471 
44088 
60474 
44091 
60477 
44094 
60480 
44097 
60483 
44100 
60486 
44103 
60489 
44106 
60492 
44109 
60495 
44112 
60498 
44115 
60501 
44118 
60504 
44121 
60507 
44124 
60510 
44127 
60513 
44130 
60516 
44133 
60518 
44136 
44139 
44142 
44145 
27762 
44148 
27765 
44151 
27768 
44154 
27771 
44157 
27774 
44160 
27777 
44163 
27780 
44166 
27783 
44169 
27786 
44172 
27789 
44175 
27792 
44178 
27795 
44181 
27798 
44184 
27801 
44187 
27804 
44190 
27807 
44193 
27810 
44196 
27813 
44198 
27816 
27819 
27822 
27825 
27828 
27831 
27834 
27837 
27840 
27843 
27846 
27849 
27852 
27855 
27858 
27861 
27864 
27867 
27870 
27873 
27876 
27878 
56562 
56565 
56568 
56571 
56574 
56577 
56580 
56583 
56586 
56589 
56592 
56595 
56598 
56601 
56604 
56607 
56610 
56613 
56616 
56619 
56622 
56625 
40242 
56628 
40245 
56631 
40248 
56634 
40251 
56637 
40254 
56640 
40257 
56643 
40260 
56646 
40263 
56649 
40266 
56652 
40269 
56655 
40272 
56658 
40275 
56661 
40278 
56664 
40281 
56667 
40284 
56670 
40287 
56673 
40290 
56676 
40293 
56678 
40296 
40299 
40302 
40305 
23922 
40308 
23925 
40311 
23928 
40314 
23931 
40317 
23934 
40320 
23937 
40323 
23940 
40326 
23943 
40329 
23946 
40332 
23949 
40335 
23952 
40338 
23955 
40341 
23958 
40344 
23961 
40347 
23964 
40350 
23967 
40353 
23970 
40356 
23973 
40358 
23976 
23979 
23982 
23985 
23988 
23991 
23994 
23997 
24000 
24003 
24006 
24009 
24012 
24015 
24018 
24021 
24024 
24027 
24030 
24033 
24036 
24038 
52722 
52725 
52728 
52731 
52734 
52737 
52740 
52743 
52746 
52749 
52752 
52755 
52758 
52761 
52764 
52767 
52770 
52773 
52776 
52779 
52782 
52785 
36402 
52788 
36405 
52791 
36408 
52794 
36411 
52797 
36414 
52800 
36417 
52803 
36420 
52806 
36423 
52809 
36426 
52812 
36429 
52815 
36432 
52818 
36435 
52821 
36438 
52824 
36441 
52827 
36444 
52830 
36447 
52833 
36450 
52836 
36453 
52838 
36456 
36459 
36462 
36465 
36468 
36471 
36474 
36477 
36480 
36483 
36486 
36489 
36492 
36495 
36498 
36501 
36504 
36507 
36510 
36513 
36516 
36518 
48882 
48885 
48888 
48891 
48894 
48897 
48900 
48903 
48906 
48909 
48912 
48915 
48918 
48921 
48924 
48927 
48930 
48933 
48936 
48939 
48942 
48945 
32562 
48948 
32565 
48951 
32568 
48954 
32571 
48957 
32574 
48960 
32577 
48963 
32580 
48966 
32583 
48969 
32586 
48972 
32589 
48975 
32592 
48978 
32595 
48981 
32598 
48984 
32601 
48987 
32604 
48990 
32607 
48993 
32610 
48996 
32613 
48998 
32616 
32619 
32622 
32625 
32628 
32631 
32634 
32637 
32640 
32643 
32646 
32649 
61322 
61324 
32652 
61326 
32655 
61328 
61330 
32658 
61332 
32661 
61334 
61336 
32664 
61338 
32667 
61340 
61342 
32670 
61344 
32673 
61346 
61348 
32676 
61350 
32678 
61352 
61354 
61356 
61358 
61360 
61362 
61364 
61366 
61368 
61370 
61372 
61374 
61376 
61378 
61380 
61382 
61384 
61386 
61388 
61390 
61392 
61394 
61396 
61398 
61399 
45042 
45045 
45048 
45051 
45054 
)

// ************************************************************************* //
