/*--------------------------------*- C++ -*----------------------------------*\
| =========                 |                                                 |
| \\      /  F ield         | OpenFOAM: The Open Source CFD Toolbox           |
|  \\    /   O peration     | Version:  2.3.1                                 |
|   \\  /    A nd           | Web:      www.OpenFOAM.org                      |
|    \\/     M anipulation  |                                                 |
\*---------------------------------------------------------------------------*/
FoamFile
{
    version     2.0;
    format      ascii;
    class       faceSet;
    location    "constant/polyMesh/sets";
    object      AMIFaces;
}
// * * * * * * * * * * * * * * * * * * * * * * * * * * * * * * * * * * * * * //


1600
(
23922 
23925 
23928 
23931 
23934 
23937 
23940 
23943 
23946 
23949 
23952 
23955 
23958 
23961 
23964 
23967 
23970 
23973 
23976 
23979 
23982 
23985 
23988 
23991 
23994 
23997 
24000 
24003 
24006 
24009 
24012 
24015 
24018 
24021 
24024 
24027 
24030 
24033 
24036 
24038 
24882 
24885 
24888 
24891 
24894 
24897 
24900 
24903 
24906 
24909 
24912 
24915 
24918 
24921 
24924 
24927 
24930 
24933 
24936 
24939 
24942 
24945 
24948 
24951 
24954 
24957 
24960 
24963 
24966 
24969 
24972 
24975 
24978 
24981 
24984 
24987 
24990 
24993 
24996 
24998 
25842 
25845 
25848 
25851 
25854 
25857 
25860 
25863 
25866 
25869 
25872 
25875 
25878 
25881 
25884 
25887 
25890 
25893 
25896 
25899 
25902 
25905 
25908 
25911 
25914 
25917 
25920 
25923 
25926 
25929 
25932 
25935 
25938 
25941 
25944 
25947 
25950 
25953 
25956 
25958 
26802 
26805 
26808 
26811 
26814 
26817 
26820 
26823 
26826 
26829 
26832 
26835 
26838 
26841 
26844 
26847 
26850 
26853 
26856 
26859 
26862 
26865 
26868 
26871 
26874 
26877 
26880 
26883 
26886 
26889 
26892 
26895 
26898 
26901 
26904 
26907 
26910 
26913 
26916 
26918 
27762 
27765 
27768 
27771 
27774 
27777 
27780 
27783 
27786 
27789 
27792 
27795 
27798 
27801 
27804 
27807 
27810 
27813 
27816 
27819 
27822 
27825 
27828 
27831 
27834 
27837 
27840 
27843 
27846 
27849 
27852 
27855 
27858 
27861 
27864 
27867 
27870 
27873 
27876 
27878 
28722 
28725 
28728 
28731 
28734 
28737 
28740 
28743 
28746 
28749 
28752 
28755 
28758 
28761 
28764 
28767 
28770 
28773 
28776 
28779 
28782 
28785 
28788 
28791 
28794 
28797 
28800 
28803 
28806 
28809 
28812 
28815 
28818 
28821 
28824 
28827 
28830 
28833 
28836 
28838 
29682 
29685 
29688 
29691 
29694 
29697 
29700 
29703 
29706 
29709 
29712 
29715 
29718 
29721 
29724 
29727 
29730 
29733 
29736 
29739 
29742 
29745 
29748 
29751 
29754 
29757 
29760 
29763 
29766 
29769 
29772 
29775 
29778 
29781 
29784 
29787 
29790 
29793 
29796 
29798 
30642 
30645 
30648 
30651 
30654 
30657 
30660 
30663 
30666 
30669 
30672 
30675 
30678 
30681 
30684 
30687 
30690 
30693 
30696 
30699 
30702 
30705 
30708 
30711 
30714 
30717 
30720 
30723 
30726 
30729 
30732 
30735 
30738 
30741 
30744 
30747 
30750 
30753 
30756 
30758 
31602 
31605 
31608 
31611 
31614 
31617 
31620 
31623 
31626 
31629 
31632 
31635 
31638 
31641 
31644 
31647 
31650 
31653 
31656 
31659 
31662 
31665 
31668 
31671 
31674 
31677 
31680 
31683 
31686 
31689 
31692 
31695 
31698 
31701 
31704 
31707 
31710 
31713 
31716 
31718 
32562 
32565 
32568 
32571 
32574 
32577 
32580 
32583 
32586 
32589 
32592 
32595 
32598 
32601 
32604 
32607 
32610 
32613 
32616 
32619 
32622 
32625 
32628 
32631 
32634 
32637 
32640 
32643 
32646 
32649 
32652 
32655 
32658 
32661 
32664 
32667 
32670 
32673 
32676 
32678 
33522 
33525 
33528 
33531 
33534 
33537 
33540 
33543 
33546 
33549 
33552 
33555 
33558 
33561 
33564 
33567 
33570 
33573 
33576 
33579 
33582 
33585 
33588 
33591 
33594 
33597 
33600 
33603 
33606 
33609 
33612 
33615 
33618 
33621 
33624 
33627 
33630 
33633 
33636 
33638 
34482 
34485 
34488 
34491 
34494 
34497 
34500 
34503 
34506 
34509 
34512 
34515 
34518 
34521 
34524 
34527 
34530 
34533 
34536 
34539 
34542 
34545 
34548 
34551 
34554 
34557 
34560 
34563 
34566 
34569 
34572 
34575 
34578 
34581 
34584 
34587 
34590 
34593 
34596 
34598 
35442 
35445 
35448 
35451 
35454 
35457 
35460 
35463 
35466 
35469 
35472 
35475 
35478 
35481 
35484 
35487 
35490 
35493 
35496 
35499 
35502 
35505 
35508 
35511 
35514 
35517 
35520 
35523 
35526 
35529 
35532 
35535 
35538 
35541 
35544 
35547 
35550 
35553 
35556 
35558 
36402 
36405 
36408 
36411 
36414 
36417 
36420 
36423 
36426 
36429 
36432 
36435 
36438 
36441 
36444 
36447 
36450 
36453 
36456 
36459 
36462 
36465 
36468 
36471 
36474 
36477 
36480 
36483 
36486 
36489 
36492 
36495 
36498 
36501 
36504 
36507 
36510 
36513 
36516 
36518 
37362 
37365 
37368 
37371 
37374 
37377 
37380 
37383 
37386 
37389 
37392 
37395 
37398 
37401 
37404 
37407 
37410 
37413 
37416 
37419 
37422 
37425 
37428 
37431 
37434 
37437 
37440 
37443 
37446 
37449 
37452 
37455 
37458 
37461 
37464 
37467 
37470 
37473 
37476 
37478 
38322 
38325 
38328 
38331 
38334 
38337 
38340 
38343 
38346 
38349 
38352 
38355 
38358 
38361 
38364 
38367 
38370 
38373 
38376 
38379 
38382 
38385 
38388 
38391 
38394 
38397 
38400 
38403 
38406 
38409 
38412 
38415 
38418 
38421 
38424 
38427 
38430 
38433 
38436 
38438 
39282 
39285 
39288 
39291 
39294 
39297 
39300 
39303 
39306 
39309 
39312 
39315 
39318 
39321 
39324 
39327 
39330 
39333 
39336 
39339 
39342 
39345 
39348 
39351 
39354 
39357 
39360 
39363 
39366 
39369 
39372 
39375 
39378 
39381 
39384 
39387 
39390 
39393 
39396 
39398 
40242 
40245 
40248 
40251 
40254 
40257 
40260 
40263 
40266 
40269 
40272 
40275 
40278 
40281 
40284 
40287 
40290 
40293 
40296 
40299 
40302 
40305 
40308 
40311 
40314 
40317 
40320 
40323 
40326 
40329 
40332 
40335 
40338 
40341 
40344 
40347 
40350 
40353 
40356 
40358 
41202 
41205 
41208 
41211 
41214 
41217 
41220 
41223 
41226 
41229 
41232 
41235 
41238 
41241 
41244 
41247 
41250 
41253 
41256 
41259 
41262 
41265 
41268 
41271 
41274 
41277 
41280 
41283 
41286 
41289 
41292 
41295 
41298 
41301 
41304 
41307 
41310 
41313 
41316 
41318 
42162 
42165 
42168 
42171 
42174 
42177 
42180 
42183 
42186 
42189 
42192 
42195 
42198 
42201 
42204 
42207 
42210 
42213 
42216 
42219 
42222 
42225 
42228 
42231 
42234 
42237 
42240 
42243 
42246 
42249 
42252 
42255 
42258 
42261 
42264 
42267 
42270 
42273 
42276 
42278 
43122 
43125 
43128 
43131 
43134 
43137 
43140 
43143 
43146 
43149 
43152 
43155 
43158 
43161 
43164 
43167 
43170 
43173 
43176 
43179 
43182 
43185 
43188 
43191 
43194 
43197 
43200 
43203 
43206 
43209 
43212 
43215 
43218 
43221 
43224 
43227 
43230 
43233 
43236 
43238 
44082 
44085 
44088 
44091 
44094 
44097 
44100 
44103 
44106 
44109 
44112 
44115 
44118 
44121 
44124 
44127 
44130 
44133 
44136 
44139 
44142 
44145 
44148 
44151 
44154 
44157 
44160 
44163 
44166 
44169 
44172 
44175 
44178 
44181 
44184 
44187 
44190 
44193 
44196 
44198 
45042 
45045 
45048 
45051 
45054 
45057 
45060 
45063 
45066 
45069 
45072 
45075 
45078 
45081 
45084 
45087 
45090 
45093 
45096 
45099 
45102 
45105 
45108 
45111 
45114 
45117 
45120 
45123 
45126 
45129 
45132 
45135 
45138 
45141 
45144 
45147 
45150 
45153 
45156 
45158 
46002 
46005 
46008 
46011 
46014 
46017 
46020 
46023 
46026 
46029 
46032 
46035 
46038 
46041 
46044 
46047 
46050 
46053 
46056 
46059 
46062 
46065 
46068 
46071 
46074 
46077 
46080 
46083 
46086 
46089 
46092 
46095 
46098 
46101 
46104 
46107 
46110 
46113 
46116 
46118 
46962 
46965 
46968 
46971 
46974 
46977 
46980 
46983 
46986 
46989 
46992 
46995 
46998 
47001 
47004 
47007 
47010 
47013 
47016 
47019 
47022 
47025 
47028 
47031 
47034 
47037 
47040 
47043 
47046 
47049 
47052 
47055 
47058 
47061 
47064 
47067 
47070 
47073 
47076 
47078 
47922 
47925 
47928 
47931 
47934 
47937 
47940 
47943 
47946 
47949 
47952 
47955 
47958 
47961 
47964 
47967 
47970 
47973 
47976 
47979 
47982 
47985 
47988 
47991 
47994 
47997 
48000 
48003 
48006 
48009 
48012 
48015 
48018 
48021 
48024 
48027 
48030 
48033 
48036 
48038 
48882 
48885 
48888 
48891 
48894 
48897 
48900 
48903 
48906 
48909 
48912 
48915 
48918 
48921 
48924 
48927 
48930 
48933 
48936 
48939 
48942 
48945 
48948 
48951 
48954 
48957 
48960 
48963 
48966 
48969 
48972 
48975 
48978 
48981 
48984 
48987 
48990 
48993 
48996 
48998 
49842 
49845 
49848 
49851 
49854 
49857 
49860 
49863 
49866 
49869 
49872 
49875 
49878 
49881 
49884 
49887 
49890 
49893 
49896 
49899 
49902 
49905 
49908 
49911 
49914 
49917 
49920 
49923 
49926 
49929 
49932 
49935 
49938 
49941 
49944 
49947 
49950 
49953 
49956 
49958 
50802 
50805 
50808 
50811 
50814 
50817 
50820 
50823 
50826 
50829 
50832 
50835 
50838 
50841 
50844 
50847 
50850 
50853 
50856 
50859 
50862 
50865 
50868 
50871 
50874 
50877 
50880 
50883 
50886 
50889 
50892 
50895 
50898 
50901 
50904 
50907 
50910 
50913 
50916 
50918 
51762 
51765 
51768 
51771 
51774 
51777 
51780 
51783 
51786 
51789 
51792 
51795 
51798 
51801 
51804 
51807 
51810 
51813 
51816 
51819 
51822 
51825 
51828 
51831 
51834 
51837 
51840 
51843 
51846 
51849 
51852 
51855 
51858 
51861 
51864 
51867 
51870 
51873 
51876 
51878 
52722 
52725 
52728 
52731 
52734 
52737 
52740 
52743 
52746 
52749 
52752 
52755 
52758 
52761 
52764 
52767 
52770 
52773 
52776 
52779 
52782 
52785 
52788 
52791 
52794 
52797 
52800 
52803 
52806 
52809 
52812 
52815 
52818 
52821 
52824 
52827 
52830 
52833 
52836 
52838 
53682 
53685 
53688 
53691 
53694 
53697 
53700 
53703 
53706 
53709 
53712 
53715 
53718 
53721 
53724 
53727 
53730 
53733 
53736 
53739 
53742 
53745 
53748 
53751 
53754 
53757 
53760 
53763 
53766 
53769 
53772 
53775 
53778 
53781 
53784 
53787 
53790 
53793 
53796 
53798 
54642 
54645 
54648 
54651 
54654 
54657 
54660 
54663 
54666 
54669 
54672 
54675 
54678 
54681 
54684 
54687 
54690 
54693 
54696 
54699 
54702 
54705 
54708 
54711 
54714 
54717 
54720 
54723 
54726 
54729 
54732 
54735 
54738 
54741 
54744 
54747 
54750 
54753 
54756 
54758 
55602 
55605 
55608 
55611 
55614 
55617 
55620 
55623 
55626 
55629 
55632 
55635 
55638 
55641 
55644 
55647 
55650 
55653 
55656 
55659 
55662 
55665 
55668 
55671 
55674 
55677 
55680 
55683 
55686 
55689 
55692 
55695 
55698 
55701 
55704 
55707 
55710 
55713 
55716 
55718 
56562 
56565 
56568 
56571 
56574 
56577 
56580 
56583 
56586 
56589 
56592 
56595 
56598 
56601 
56604 
56607 
56610 
56613 
56616 
56619 
56622 
56625 
56628 
56631 
56634 
56637 
56640 
56643 
56646 
56649 
56652 
56655 
56658 
56661 
56664 
56667 
56670 
56673 
56676 
56678 
57522 
57525 
57528 
57531 
57534 
57537 
57540 
57543 
57546 
57549 
57552 
57555 
57558 
57561 
57564 
57567 
57570 
57573 
57576 
57579 
57582 
57585 
57588 
57591 
57594 
57597 
57600 
57603 
57606 
57609 
57612 
57615 
57618 
57621 
57624 
57627 
57630 
57633 
57636 
57638 
58482 
58485 
58488 
58491 
58494 
58497 
58500 
58503 
58506 
58509 
58512 
58515 
58518 
58521 
58524 
58527 
58530 
58533 
58536 
58539 
58542 
58545 
58548 
58551 
58554 
58557 
58560 
58563 
58566 
58569 
58572 
58575 
58578 
58581 
58584 
58587 
58590 
58593 
58596 
58598 
59442 
59445 
59448 
59451 
59454 
59457 
59460 
59463 
59466 
59469 
59472 
59475 
59478 
59481 
59484 
59487 
59490 
59493 
59496 
59499 
59502 
59505 
59508 
59511 
59514 
59517 
59520 
59523 
59526 
59529 
59532 
59535 
59538 
59541 
59544 
59547 
59550 
59553 
59556 
59558 
60402 
60405 
60408 
60411 
60414 
60417 
60420 
60423 
60426 
60429 
60432 
60435 
60438 
60441 
60444 
60447 
60450 
60453 
60456 
60459 
60462 
60465 
60468 
60471 
60474 
60477 
60480 
60483 
60486 
60489 
60492 
60495 
60498 
60501 
60504 
60507 
60510 
60513 
60516 
60518 
61322 
61324 
61326 
61328 
61330 
61332 
61334 
61336 
61338 
61340 
61342 
61344 
61346 
61348 
61350 
61352 
61354 
61356 
61358 
61360 
61362 
61364 
61366 
61368 
61370 
61372 
61374 
61376 
61378 
61380 
61382 
61384 
61386 
61388 
61390 
61392 
61394 
61396 
61398 
61399 
)

// ************************************************************************* //
