/*--------------------------------*- C++ -*----------------------------------*\
| =========                 |                                                 |
| \\      /  F ield         | OpenFOAM: The Open Source CFD Toolbox           |
|  \\    /   O peration     | Version:  2.3.1                                 |
|   \\  /    A nd           | Web:      www.OpenFOAM.org                      |
|    \\/     M anipulation  |                                                 |
\*---------------------------------------------------------------------------*/
FoamFile
{
    version     2.0;
    format      ascii;
    class       pointSet;
    location    "constant/polyMesh/sets";
    object      duplicatedPoints;
}
// * * * * * * * * * * * * * * * * * * * * * * * * * * * * * * * * * * * * * //


3280
(
16600 
16601 
16602 
16603 
16604 
16605 
16606 
16607 
16608 
16609 
16610 
16611 
16612 
16613 
16614 
16615 
16616 
16617 
16618 
16619 
16620 
16621 
16622 
16623 
16624 
16625 
16626 
16627 
16628 
16629 
16630 
16631 
16632 
16633 
16634 
16635 
16636 
16637 
16638 
16639 
16920 
16921 
16922 
16923 
16924 
16925 
16926 
16927 
16928 
16929 
16930 
16931 
16932 
16933 
16934 
16935 
16936 
16937 
16938 
16939 
16940 
16941 
16942 
16943 
16944 
16945 
16946 
16947 
16948 
16949 
16950 
16951 
16952 
16953 
16954 
16955 
16956 
16957 
16958 
16959 
17240 
17241 
17242 
17243 
17244 
17245 
17246 
17247 
17248 
17249 
17250 
17251 
17252 
17253 
17254 
17255 
17256 
17257 
17258 
17259 
17260 
17261 
17262 
17263 
17264 
17265 
17266 
17267 
17268 
17269 
17270 
17271 
17272 
17273 
17274 
17275 
17276 
17277 
17278 
17279 
17560 
17561 
17562 
17563 
17564 
17565 
17566 
17567 
17568 
17569 
17570 
17571 
17572 
17573 
17574 
17575 
17576 
17577 
17578 
17579 
17580 
17581 
17582 
17583 
17584 
17585 
17586 
17587 
17588 
17589 
17590 
17591 
17592 
17593 
17594 
17595 
17596 
17597 
17598 
17599 
17880 
17881 
17882 
17883 
17884 
17885 
17886 
17887 
17888 
17889 
17890 
17891 
17892 
17893 
17894 
17895 
17896 
17897 
17898 
17899 
17900 
17901 
17902 
17903 
17904 
17905 
17906 
17907 
17908 
17909 
17910 
17911 
17912 
17913 
17914 
17915 
17916 
17917 
17918 
17919 
9920 
9921 
9922 
9923 
9924 
9925 
9926 
9927 
9928 
9929 
9930 
9931 
9932 
9933 
9934 
9935 
9936 
9937 
9938 
9939 
9940 
9941 
9942 
9943 
9944 
9945 
9946 
9947 
9948 
9949 
9950 
9951 
9952 
9953 
9954 
9955 
9956 
9957 
9958 
9959 
9960 
9961 
9962 
9963 
9964 
9965 
9966 
9967 
9968 
9969 
9970 
9971 
9972 
9973 
9974 
9975 
9976 
9977 
9978 
9979 
9980 
9981 
9982 
9983 
9984 
9985 
9986 
9987 
9988 
9989 
9990 
9991 
9992 
9993 
9994 
9995 
9996 
9997 
9998 
9999 
18200 
18201 
18202 
18203 
18204 
18205 
18206 
18207 
18208 
18209 
18210 
18211 
18212 
18213 
18214 
18215 
18216 
18217 
18218 
18219 
18220 
18221 
18222 
18223 
18224 
18225 
18226 
18227 
18228 
18229 
18230 
18231 
18232 
18233 
18234 
18235 
18236 
18237 
18238 
18239 
18520 
18521 
18522 
18523 
18524 
18525 
18526 
18527 
18528 
18529 
18530 
18531 
18532 
18533 
18534 
18535 
18536 
18537 
18538 
18539 
18540 
18541 
18542 
18543 
18544 
18545 
18546 
18547 
18548 
18549 
18550 
18551 
18552 
18553 
18554 
18555 
18556 
18557 
18558 
18559 
10520 
10521 
10522 
10523 
10524 
10525 
10526 
10527 
10528 
10529 
10530 
10531 
10532 
10533 
10534 
10535 
10536 
10537 
10538 
10539 
10540 
10541 
10542 
10543 
10544 
10545 
10546 
10547 
10548 
10549 
10550 
10551 
10552 
10553 
10554 
10555 
10556 
10557 
10558 
10559 
18840 
18841 
18842 
18843 
18844 
18845 
18846 
18847 
18848 
18849 
18850 
18851 
18852 
18853 
18854 
18855 
18856 
18857 
18858 
18859 
18860 
18861 
18862 
18863 
18864 
18865 
18866 
18867 
18868 
18869 
18870 
18871 
18872 
18873 
18874 
18875 
18876 
18877 
18878 
18879 
10840 
10841 
10842 
10843 
10844 
10845 
10846 
10847 
10848 
10849 
10850 
10851 
10852 
10853 
10854 
10855 
10856 
10857 
10858 
10859 
10860 
10861 
10862 
10863 
10864 
10865 
10866 
10867 
10868 
10869 
10870 
10871 
10872 
10873 
10874 
10875 
10876 
10877 
10878 
10879 
19160 
19161 
19162 
19163 
19164 
19165 
19166 
19167 
19168 
19169 
19170 
19171 
19172 
19173 
19174 
19175 
19176 
19177 
19178 
19179 
19180 
19181 
19182 
19183 
19184 
19185 
19186 
19187 
19188 
19189 
19190 
19191 
19192 
19193 
19194 
19195 
19196 
19197 
19198 
19199 
11160 
11161 
11162 
11163 
11164 
11165 
11166 
11167 
11168 
11169 
11170 
11171 
11172 
11173 
11174 
11175 
11176 
11177 
11178 
11179 
11180 
11181 
11182 
11183 
11184 
11185 
11186 
11187 
11188 
11189 
11190 
11191 
11192 
11193 
11194 
11195 
11196 
11197 
11198 
11199 
19480 
19481 
19482 
19483 
19484 
19485 
19486 
19487 
19488 
19489 
19490 
19491 
19492 
19493 
19494 
19495 
19496 
19497 
19498 
19499 
19500 
19501 
19502 
19503 
19504 
19505 
19506 
19507 
19508 
19509 
19510 
19511 
19512 
19513 
19514 
19515 
19516 
19517 
19518 
19519 
11480 
11481 
11482 
11483 
11484 
11485 
11486 
11487 
11488 
11489 
11490 
11491 
11492 
11493 
11494 
11495 
11496 
11497 
11498 
11499 
11500 
11501 
11502 
11503 
11504 
11505 
11506 
11507 
11508 
11509 
11510 
11511 
11512 
11513 
11514 
11515 
11516 
11517 
11518 
11519 
19800 
19801 
19802 
19803 
19804 
19805 
19806 
19807 
19808 
19809 
19810 
19811 
19812 
19813 
19814 
19815 
19816 
19817 
19818 
19819 
19820 
19821 
19822 
19823 
19824 
19825 
19826 
19827 
19828 
19829 
19830 
19831 
19832 
19833 
19834 
19835 
19836 
19837 
19838 
19839 
11800 
11801 
11802 
11803 
11804 
11805 
11806 
11807 
11808 
11809 
11810 
11811 
11812 
11813 
11814 
11815 
11816 
11817 
11818 
11819 
11820 
11821 
11822 
11823 
11824 
11825 
11826 
11827 
11828 
11829 
11830 
11831 
11832 
11833 
11834 
11835 
11836 
11837 
11838 
11839 
20120 
20121 
20122 
20123 
20124 
20125 
20126 
20127 
20128 
20129 
20130 
20131 
20132 
20133 
20134 
20135 
20136 
20137 
20138 
20139 
20140 
20141 
20142 
20143 
20144 
20145 
20146 
20147 
20148 
20149 
20150 
20151 
20152 
20153 
20154 
20155 
20156 
20157 
20158 
20159 
12120 
12121 
12122 
12123 
12124 
12125 
12126 
12127 
12128 
12129 
12130 
12131 
12132 
12133 
12134 
12135 
12136 
12137 
12138 
12139 
12140 
12141 
12142 
12143 
12144 
12145 
12146 
12147 
12148 
12149 
12150 
12151 
12152 
12153 
12154 
12155 
12156 
12157 
12158 
12159 
20440 
20441 
20442 
20443 
20444 
20445 
20446 
20447 
20448 
20449 
20450 
20451 
20452 
20453 
20454 
20455 
20456 
20457 
20458 
20459 
20460 
20461 
20462 
20463 
20464 
20465 
20466 
20467 
20468 
20469 
20470 
20471 
20472 
20473 
20474 
20475 
20476 
20477 
20478 
20479 
12440 
12441 
12442 
12443 
12444 
12445 
12446 
12447 
12448 
12449 
12450 
12451 
12452 
12453 
12454 
12455 
12456 
12457 
12458 
12459 
12460 
12461 
12462 
12463 
12464 
12465 
12466 
12467 
12468 
12469 
12470 
12471 
12472 
12473 
12474 
12475 
12476 
12477 
12478 
12479 
20760 
20761 
20762 
20763 
20764 
20765 
20766 
20767 
20768 
20769 
20770 
20771 
20772 
20773 
20774 
20775 
20776 
20777 
20778 
20779 
20780 
20781 
20782 
20783 
20784 
20785 
20786 
20787 
20788 
20789 
20790 
20791 
20792 
20793 
20794 
20795 
20796 
20797 
20798 
20799 
12760 
12761 
12762 
12763 
12764 
12765 
12766 
12767 
12768 
12769 
12770 
12771 
12772 
12773 
12774 
12775 
12776 
12777 
12778 
12779 
12780 
12781 
12782 
12783 
12784 
12785 
12786 
12787 
12788 
12789 
12790 
12791 
12792 
12793 
12794 
12795 
12796 
12797 
12798 
12799 
21080 
21081 
21082 
21083 
21084 
21085 
21086 
21087 
21088 
21089 
21090 
21091 
21092 
21093 
21094 
21095 
21096 
21097 
21098 
21099 
21100 
21101 
21102 
21103 
21104 
21105 
21106 
21107 
21108 
21109 
21110 
21111 
21112 
21113 
21114 
21115 
21116 
21117 
21118 
21119 
13080 
13081 
13082 
13083 
13084 
13085 
13086 
13087 
13088 
13089 
13090 
13091 
13092 
13093 
13094 
13095 
13096 
13097 
13098 
13099 
13100 
13101 
13102 
13103 
13104 
13105 
13106 
13107 
13108 
13109 
13110 
13111 
13112 
13113 
13114 
13115 
13116 
13117 
13118 
13119 
29520 
29521 
29522 
29523 
29524 
29525 
29526 
29527 
29528 
29529 
29530 
29531 
29532 
29533 
29534 
29535 
29536 
29537 
29538 
29539 
29540 
29541 
29542 
29543 
29544 
29545 
29546 
29547 
29548 
29549 
29550 
29551 
29552 
29553 
29554 
29555 
29556 
29557 
29558 
29559 
29560 
29561 
29562 
29563 
29564 
29565 
29566 
29567 
29568 
29569 
29570 
29571 
29572 
29573 
29574 
29575 
29576 
29577 
29578 
29579 
29580 
29581 
29582 
29583 
29584 
29585 
29586 
29587 
29588 
29589 
29590 
29591 
29592 
21400 
29593 
21401 
29594 
21402 
29595 
21403 
29596 
21404 
29597 
21405 
29598 
21406 
29599 
21407 
29600 
21408 
29601 
21409 
29602 
21410 
29603 
21411 
29604 
21412 
29605 
21413 
29606 
21414 
29607 
21415 
29608 
21416 
29609 
21417 
29610 
21418 
29611 
21419 
29612 
21420 
29613 
21421 
29614 
21422 
29615 
21423 
29616 
21424 
29617 
21425 
29618 
21426 
29619 
21427 
29620 
21428 
29621 
21429 
29622 
21430 
29623 
21431 
29624 
21432 
29625 
21433 
29626 
21434 
29627 
21435 
29628 
21436 
29629 
21437 
29630 
21438 
29631 
21439 
29632 
29633 
29634 
29635 
29636 
29637 
29638 
29639 
29640 
29641 
29642 
29643 
29644 
29645 
29646 
29647 
29648 
29649 
29650 
29651 
29652 
29653 
29654 
29655 
29656 
29657 
29658 
29659 
29660 
29661 
29662 
29663 
29664 
29665 
29666 
29667 
29668 
29669 
29670 
29671 
29672 
29673 
29674 
29675 
29676 
29677 
29678 
29679 
29680 
29681 
29682 
29683 
29684 
29685 
29686 
29687 
29688 
29689 
29690 
29691 
29692 
29693 
29694 
29695 
29696 
29697 
29698 
29699 
29700 
29701 
29702 
29703 
29704 
29705 
29706 
29707 
29708 
29709 
29710 
29711 
29712 
29713 
29714 
29715 
29716 
29717 
29718 
29719 
29720 
29721 
29722 
29723 
29724 
29725 
29726 
29727 
29728 
29729 
29730 
29731 
29732 
29733 
29734 
29735 
29736 
29737 
29738 
29739 
29740 
29741 
29742 
29743 
29744 
29745 
29746 
29747 
29748 
29749 
29750 
29751 
29752 
29753 
29754 
29755 
29756 
29757 
29758 
29759 
29760 
29761 
29762 
29763 
29764 
29765 
29766 
29767 
29768 
29769 
29770 
29771 
29772 
29773 
29774 
29775 
29776 
29777 
29778 
29779 
29780 
29781 
29782 
29783 
29784 
13400 
29785 
13401 
29786 
13402 
29787 
13403 
29788 
13404 
29789 
13405 
29790 
13406 
29791 
13407 
29792 
13408 
29793 
13409 
29794 
13410 
29795 
13411 
29796 
13412 
29797 
13413 
29798 
13414 
29799 
13415 
29800 
13416 
29801 
13417 
29802 
13418 
29803 
13419 
29804 
13420 
29805 
13421 
29806 
13422 
29807 
13423 
29808 
13424 
29809 
13425 
29810 
13426 
29811 
13427 
29812 
13428 
29813 
13429 
29814 
13430 
29815 
13431 
29816 
13432 
29817 
13433 
29818 
13434 
29819 
13435 
29820 
13436 
29821 
13437 
29822 
13438 
29823 
13439 
29824 
29825 
29826 
29827 
29828 
29829 
29830 
29831 
29832 
29833 
29834 
29835 
29836 
29837 
29838 
29839 
29840 
29841 
29842 
29843 
29844 
29845 
29846 
29847 
29848 
29849 
29850 
29851 
29852 
29853 
29854 
29855 
29856 
29857 
29858 
29859 
29860 
29861 
29862 
29863 
29864 
29865 
29866 
29867 
29868 
29869 
29870 
29871 
29872 
29873 
29874 
29875 
29876 
29877 
29878 
29879 
29880 
29881 
29882 
29883 
29884 
29885 
29886 
29887 
29888 
29889 
29890 
29891 
29892 
29893 
29894 
29895 
29896 
29897 
29898 
29899 
29900 
29901 
29902 
29903 
29904 
29905 
29906 
29907 
29908 
29909 
29910 
29911 
21720 
29912 
21721 
29913 
21722 
29914 
21723 
29915 
21724 
29916 
21725 
29917 
21726 
29918 
21727 
29919 
21728 
29920 
21729 
29921 
21730 
29922 
21731 
29923 
21732 
29924 
21733 
29925 
21734 
29926 
21735 
29927 
21736 
29928 
21737 
29929 
21738 
29930 
21739 
29931 
21740 
29932 
21741 
29933 
21742 
29934 
21743 
29935 
21744 
29936 
21745 
29937 
21746 
29938 
21747 
29939 
21748 
29940 
21749 
29941 
21750 
29942 
21751 
29943 
21752 
29944 
21753 
29945 
21754 
29946 
21755 
29947 
21756 
29948 
21757 
29949 
21758 
29950 
21759 
29951 
29952 
29953 
29954 
29955 
29956 
29957 
29958 
29959 
29960 
29961 
29962 
29963 
29964 
29965 
29966 
29967 
29968 
29969 
29970 
29971 
29972 
29973 
29974 
29975 
29976 
29977 
29978 
29979 
29980 
29981 
29982 
29983 
29984 
29985 
29986 
29987 
29988 
29989 
29990 
29991 
29992 
29993 
29994 
29995 
29996 
29997 
29998 
29999 
30000 
30001 
30002 
30003 
30004 
30005 
30006 
30007 
30008 
30009 
30010 
30011 
30012 
30013 
30014 
30015 
30016 
30017 
30018 
30019 
30020 
30021 
30022 
30023 
30024 
30025 
30026 
30027 
30028 
30029 
30030 
30031 
30032 
30033 
30034 
30035 
30036 
30037 
30038 
30039 
30040 
30041 
30042 
30043 
30044 
30045 
30046 
30047 
30048 
30049 
30050 
30051 
30052 
30053 
30054 
30055 
30056 
30057 
30058 
30059 
30060 
30061 
30062 
30063 
30064 
30065 
30066 
30067 
30068 
30069 
30070 
30071 
30072 
30073 
30074 
30075 
30076 
30077 
30078 
30079 
30080 
30081 
30082 
30083 
30084 
30085 
30086 
30087 
30088 
30089 
30090 
30091 
30092 
30093 
30094 
30095 
30096 
30097 
30098 
30099 
30100 
30101 
30102 
30103 
30104 
13720 
30105 
13721 
30106 
13722 
30107 
13723 
30108 
13724 
30109 
13725 
30110 
13726 
30111 
13727 
30112 
13728 
30113 
13729 
30114 
13730 
30115 
13731 
30116 
13732 
30117 
13733 
30118 
13734 
30119 
13735 
30120 
13736 
30121 
13737 
30122 
13738 
30123 
13739 
30124 
13740 
30125 
13741 
30126 
13742 
30127 
13743 
30128 
13744 
30129 
13745 
30130 
13746 
30131 
13747 
30132 
13748 
30133 
13749 
30134 
13750 
30135 
13751 
30136 
13752 
30137 
13753 
30138 
13754 
30139 
13755 
30140 
13756 
30141 
13757 
30142 
13758 
30143 
13759 
30144 
30145 
30146 
30147 
30148 
30149 
30150 
30151 
30152 
30153 
30154 
30155 
30156 
30157 
30158 
30159 
30160 
30161 
30162 
30163 
30164 
30165 
30166 
30167 
30168 
30169 
30170 
30171 
30172 
30173 
30174 
30175 
30176 
30177 
30178 
30179 
30180 
30181 
30182 
30183 
30184 
30185 
30186 
30187 
30188 
30189 
30190 
30191 
30192 
30193 
30194 
30195 
30196 
30197 
30198 
30199 
30200 
30201 
30202 
30203 
30204 
30205 
30206 
30207 
30208 
30209 
30210 
30211 
30212 
30213 
30214 
30215 
30216 
30217 
30218 
30219 
30220 
30221 
30222 
30223 
30224 
30225 
30226 
30227 
30228 
30229 
30230 
30231 
30232 
22040 
30233 
22041 
30234 
22042 
30235 
22043 
30236 
22044 
30237 
22045 
30238 
22046 
30239 
22047 
30240 
22048 
30241 
22049 
30242 
22050 
30243 
22051 
30244 
22052 
30245 
22053 
30246 
22054 
30247 
22055 
30248 
22056 
30249 
22057 
30250 
22058 
30251 
22059 
30252 
22060 
30253 
22061 
30254 
22062 
30255 
22063 
30256 
22064 
30257 
22065 
30258 
22066 
30259 
22067 
30260 
22068 
30261 
22069 
30262 
22070 
30263 
22071 
30264 
22072 
30265 
22073 
30266 
22074 
30267 
22075 
30268 
22076 
30269 
22077 
30270 
22078 
30271 
22079 
30272 
30273 
30274 
30275 
30276 
30277 
30278 
30279 
30280 
30281 
30282 
30283 
30284 
30285 
30286 
30287 
30288 
30289 
30290 
30291 
30292 
30293 
30294 
30295 
30296 
30297 
30298 
30299 
30300 
30301 
30302 
30303 
30304 
30305 
30306 
30307 
30308 
30309 
30310 
30311 
30312 
30313 
30314 
30315 
30316 
30317 
30318 
30319 
30320 
30321 
30322 
30323 
30324 
30325 
30326 
30327 
30328 
30329 
30330 
30331 
30332 
30333 
30334 
30335 
30336 
30337 
30338 
30339 
30340 
30341 
30342 
30343 
30344 
30345 
30346 
30347 
30348 
30349 
30350 
30351 
30352 
30353 
30354 
30355 
30356 
30357 
30358 
30359 
30360 
30361 
30362 
30363 
30364 
30365 
30366 
30367 
30368 
30369 
30370 
30371 
30372 
30373 
30374 
30375 
30376 
30377 
30378 
30379 
30380 
30381 
30382 
30383 
30384 
30385 
30386 
30387 
30388 
30389 
30390 
30391 
30392 
30393 
30394 
30395 
30396 
30397 
30398 
30399 
30400 
30401 
30402 
30403 
30404 
30405 
30406 
30407 
30408 
30409 
30410 
30411 
30412 
30413 
30414 
30415 
30416 
30417 
30418 
30419 
30420 
30421 
30422 
30423 
14040 
30424 
14041 
30425 
14042 
30426 
14043 
30427 
14044 
30428 
14045 
30429 
14046 
30430 
14047 
30431 
14048 
30432 
14049 
30433 
14050 
30434 
14051 
30435 
14052 
30436 
14053 
30437 
14054 
30438 
14055 
30439 
14056 
30440 
14057 
30441 
14058 
30442 
14059 
30443 
14060 
30444 
14061 
30445 
14062 
30446 
14063 
30447 
14064 
30448 
14065 
30449 
14066 
30450 
14067 
30451 
14068 
30452 
14069 
30453 
14070 
30454 
14071 
30455 
14072 
30456 
14073 
30457 
14074 
30458 
14075 
30459 
14076 
30460 
14077 
30461 
14078 
30462 
14079 
30463 
30464 
30465 
30466 
30467 
30468 
30469 
30470 
30471 
30472 
30473 
30474 
30475 
30476 
30477 
30478 
30479 
30480 
30481 
30482 
30483 
30484 
30485 
30486 
30487 
30488 
30489 
30490 
30491 
30492 
30493 
30494 
30495 
30496 
30497 
30498 
30499 
30500 
30501 
30502 
30503 
30504 
30505 
30506 
30507 
30508 
30509 
30510 
30511 
30512 
30513 
30514 
30515 
30516 
30517 
30518 
30519 
30520 
30521 
30522 
30523 
30524 
30525 
30526 
30527 
30528 
30529 
30530 
30531 
30532 
30533 
30534 
30535 
30536 
30537 
30538 
30539 
30540 
30541 
30542 
30543 
30544 
30545 
30546 
30547 
30548 
30549 
30550 
30551 
22360 
30552 
22361 
30553 
22362 
30554 
22363 
30555 
22364 
30556 
22365 
30557 
22366 
30558 
22367 
30559 
22368 
30560 
22369 
30561 
22370 
30562 
22371 
30563 
22372 
30564 
22373 
30565 
22374 
30566 
22375 
30567 
22376 
30568 
22377 
30569 
22378 
30570 
22379 
30571 
22380 
30572 
22381 
30573 
22382 
30574 
22383 
30575 
22384 
30576 
22385 
30577 
22386 
30578 
22387 
30579 
22388 
30580 
22389 
30581 
22390 
30582 
22391 
30583 
22392 
30584 
22393 
30585 
22394 
30586 
22395 
30587 
22396 
30588 
22397 
30589 
22398 
30590 
22399 
30591 
30592 
30593 
30594 
30595 
30596 
30597 
30598 
30599 
30600 
30601 
30602 
30603 
30604 
30605 
30606 
30607 
30608 
30609 
30610 
30611 
30612 
30613 
30614 
30615 
30616 
30617 
30618 
30619 
30620 
30621 
30622 
30623 
30624 
30625 
30626 
30627 
30628 
30629 
30630 
30631 
30632 
30633 
30634 
30635 
30636 
30637 
30638 
30639 
30640 
30641 
30642 
30643 
30644 
30645 
30646 
30647 
30648 
30649 
30650 
30651 
30652 
30653 
30654 
30655 
30656 
30657 
30658 
30659 
30660 
30661 
30662 
30663 
30664 
30665 
30666 
30667 
30668 
30669 
30670 
30671 
30672 
30673 
30674 
30675 
30676 
30677 
30678 
30679 
30680 
30681 
30682 
30683 
30684 
30685 
30686 
30687 
30688 
30689 
30690 
30691 
30692 
30693 
30694 
30695 
30696 
30697 
30698 
30699 
30700 
30701 
30702 
30703 
30704 
30705 
30706 
30707 
30708 
30709 
30710 
30711 
30712 
30713 
30714 
30715 
30716 
30717 
30718 
30719 
30720 
30721 
30722 
30723 
30724 
30725 
30726 
30727 
30728 
30729 
30730 
30731 
30732 
30733 
30734 
30735 
30736 
30737 
30738 
30739 
30740 
30741 
30742 
30743 
14360 
30744 
14361 
30745 
14362 
30746 
14363 
30747 
14364 
30748 
14365 
30749 
14366 
30750 
14367 
30751 
14368 
30752 
14369 
30753 
14370 
30754 
14371 
30755 
14372 
30756 
14373 
30757 
14374 
30758 
14375 
30759 
14376 
30760 
14377 
30761 
14378 
30762 
14379 
30763 
14380 
30764 
14381 
30765 
14382 
30766 
14383 
30767 
14384 
30768 
14385 
30769 
14386 
30770 
14387 
30771 
14388 
30772 
14389 
30773 
14390 
30774 
14391 
30775 
14392 
30776 
14393 
30777 
14394 
30778 
14395 
30779 
14396 
30780 
14397 
30781 
14398 
30782 
14399 
30783 
30784 
30785 
30786 
30787 
30788 
30789 
30790 
30791 
30792 
30793 
30794 
30795 
30796 
30797 
30798 
30799 
30800 
30801 
30802 
30803 
30804 
30805 
30806 
30807 
30808 
30809 
30810 
30811 
30812 
30813 
30814 
30815 
30816 
30817 
30818 
30819 
30820 
30821 
30822 
30823 
30824 
30825 
30826 
30827 
30828 
30829 
30830 
30831 
30832 
30833 
30834 
30835 
30836 
30837 
30838 
30839 
30840 
30841 
30842 
30843 
30844 
30845 
30846 
30847 
30848 
30849 
30850 
30851 
30852 
30853 
30854 
30855 
30856 
30857 
30858 
30859 
30860 
30861 
30862 
30863 
30864 
30865 
30866 
30867 
30868 
30869 
30870 
30871 
22680 
30872 
22681 
30873 
22682 
30874 
22683 
30875 
22684 
30876 
22685 
30877 
22686 
30878 
22687 
30879 
22688 
30880 
22689 
30881 
22690 
30882 
22691 
30883 
22692 
30884 
22693 
30885 
22694 
30886 
22695 
30887 
22696 
30888 
22697 
30889 
22698 
30890 
22699 
30891 
22700 
30892 
22701 
30893 
22702 
30894 
22703 
30895 
22704 
30896 
22705 
30897 
22706 
30898 
22707 
30899 
22708 
30900 
22709 
30901 
22710 
30902 
22711 
30903 
22712 
30904 
22713 
30905 
22714 
30906 
22715 
30907 
22716 
30908 
22717 
30909 
22718 
30910 
22719 
30911 
30912 
30913 
30914 
30915 
30916 
30917 
30918 
30919 
30920 
30921 
30922 
30923 
30924 
30925 
30926 
30927 
30928 
30929 
30930 
30931 
30932 
30933 
30934 
30935 
30936 
30937 
30938 
30939 
30940 
30941 
30942 
30943 
30944 
30945 
30946 
30947 
30948 
30949 
30950 
30951 
30952 
30953 
30954 
30955 
30956 
30957 
30958 
30959 
30960 
30961 
30962 
30963 
30964 
30965 
30966 
30967 
30968 
30969 
30970 
30971 
30972 
30973 
30974 
30975 
30976 
30977 
30978 
30979 
30980 
30981 
30982 
30983 
30984 
30985 
30986 
30987 
30988 
30989 
30990 
30991 
30992 
30993 
30994 
30995 
30996 
30997 
30998 
30999 
31000 
31001 
31002 
31003 
31004 
31005 
31006 
31007 
31008 
31009 
31010 
31011 
31012 
31013 
31014 
31015 
31016 
31017 
31018 
31019 
31020 
31021 
31022 
31023 
31024 
31025 
31026 
31027 
31028 
31029 
31030 
31031 
31032 
31033 
31034 
31035 
31036 
31037 
31038 
31039 
31040 
31041 
31042 
31043 
31044 
31045 
31046 
31047 
31048 
31049 
31050 
31051 
31052 
31053 
31054 
31055 
31056 
31057 
31058 
31059 
31060 
31061 
31062 
31063 
14680 
31064 
14681 
31065 
14682 
31066 
14683 
31067 
14684 
31068 
14685 
31069 
14686 
31070 
14687 
31071 
14688 
31072 
14689 
31073 
14690 
31074 
14691 
31075 
14692 
31076 
14693 
31077 
14694 
31078 
14695 
31079 
14696 
31080 
14697 
31081 
14698 
31082 
14699 
31083 
14700 
31084 
14701 
31085 
14702 
31086 
14703 
31087 
14704 
31088 
14705 
31089 
14706 
31090 
14707 
31091 
14708 
31092 
14709 
31093 
14710 
31094 
14711 
31095 
14712 
31096 
14713 
31097 
14714 
31098 
14715 
31099 
14716 
31100 
14717 
31101 
14718 
31102 
14719 
31103 
31104 
31105 
31106 
31107 
31108 
31109 
31110 
31111 
31112 
31113 
31114 
31115 
31116 
31117 
31118 
31119 
31120 
31121 
31122 
31123 
31124 
31125 
31126 
31127 
31128 
31129 
31130 
31131 
31132 
31133 
31134 
31135 
31136 
31137 
31138 
31139 
31140 
31141 
31142 
31143 
31144 
31145 
31146 
31147 
31148 
31149 
31150 
31151 
31152 
31153 
31154 
31155 
31156 
31157 
31158 
31159 
15000 
15001 
15002 
15003 
15004 
15005 
15006 
15007 
15008 
15009 
15010 
15011 
15012 
15013 
15014 
15015 
15016 
15017 
15018 
15019 
15020 
15021 
15022 
15023 
15024 
15025 
15026 
15027 
15028 
15029 
15030 
15031 
15032 
15033 
15034 
15035 
15036 
15037 
15038 
15039 
15320 
15321 
15322 
15323 
15324 
15325 
15326 
15327 
15328 
15329 
15330 
15331 
15332 
15333 
15334 
15335 
15336 
15337 
15338 
15339 
15340 
15341 
15342 
15343 
15344 
15345 
15346 
15347 
15348 
15349 
15350 
15351 
15352 
15353 
15354 
15355 
15356 
15357 
15358 
15359 
15640 
15641 
15642 
15643 
15644 
15645 
15646 
15647 
15648 
15649 
15650 
15651 
15652 
15653 
15654 
15655 
15656 
15657 
15658 
15659 
15660 
15661 
15662 
15663 
15664 
15665 
15666 
15667 
15668 
15669 
15670 
15671 
15672 
15673 
15674 
15675 
15676 
15677 
15678 
15679 
15960 
15961 
15962 
15963 
15964 
15965 
15966 
15967 
15968 
15969 
15970 
15971 
15972 
15973 
15974 
15975 
15976 
15977 
15978 
15979 
15980 
15981 
15982 
15983 
15984 
15985 
15986 
15987 
15988 
15989 
15990 
15991 
15992 
15993 
15994 
15995 
15996 
15997 
15998 
15999 
16280 
16281 
16282 
16283 
16284 
16285 
16286 
16287 
16288 
16289 
16290 
16291 
16292 
16293 
16294 
16295 
16296 
16297 
16298 
16299 
16300 
16301 
16302 
16303 
16304 
16305 
16306 
16307 
16308 
16309 
16310 
16311 
16312 
16313 
16314 
16315 
16316 
16317 
16318 
16319 
)

// ************************************************************************* //
