/*--------------------------------*- C++ -*----------------------------------*\
| =========                 |                                                 |
| \\      /  F ield         | OpenFOAM: The Open Source CFD Toolbox           |
|  \\    /   O peration     | Version:  2106                                  |
|   \\  /    A nd           | Website:  www.openfoam.com                      |
|    \\/     M anipulation  |                                                 |
\*---------------------------------------------------------------------------*/
FoamFile
{
    version     2.0;
    format      ascii;
    arch        "LSB;label=32;scalar=64";
    class       pointSet;
    location    "constant/polyMesh/sets";
    object      nonManifoldPoints;
}
// * * * * * * * * * * * * * * * * * * * * * * * * * * * * * * * * * * * * * //


1004
(
2049
24579
26629
28679
2059
24589
26639
28689
18449
2069
24599
26649
28699
18459
2079
24609
26659
28709
18469
2089
24619
26669
28719
18479
2099
24629
26679
28729
2109
24639
26689
28739
2119
24649
26699
28749
22609
12369
24659
26709
28759
22619
12379
24669
26719
28769
22629
12389
24679
26729
28779
22639
12399
24689
26739
28789
2169
24699
26749
28799
2179
24709
26759
28809
2189
24719
16529
26769
28819
2199
24729
16539
26779
28829
2209
24739
16549
26789
28839
2219
24749
16559
26799
28849
2229
24759
26809
28859
2239
24769
26819
28869
2249
24779
26829
28879
20689
10449
2259
24789
26839
28889
20699
10459
2269
24799
26849
28899
20709
10469
2279
24809
26859
28909
20719
10479
2289
24819
26869
28919
2299
24829
26879
28929
2309
24839
26889
28939
2319
24849
14609
26899
28949
2329
24859
14619
26909
28959
2339
24869
14629
26919
28969
2349
24879
14639
26929
28979
2359
24889
26939
28989
2369
24899
26949
28999
2379
24909
26959
29009
18769
2389
24919
26969
29019
18779
2399
24929
26979
29029
18789
2409
24939
26989
29039
18799
2419
24949
26999
29049
2429
24959
27009
29059
2439
24969
27019
29069
12689
2449
24979
27029
29079
12699
2459
24989
27039
29089
12709
2469
24999
27049
29099
12719
2479
25009
27059
29109
2489
22969
25019
27069
29119
22979
2499
25029
27079
29129
22989
2509
25039
16849
27089
29139
2519
22999
25049
16859
27099
29149
2529
23009
25059
16869
27109
29159
23019
2539
25069
16879
27119
29169
23029
2549
25079
27129
29179
2559
23039
25089
27139
29189
23049
2569
25099
27149
29199
21009
10769
23059
2579
25109
27159
29209
21019
10779
23069
2589
25119
27169
29219
21029
10789
23079
2599
25129
27179
29229
21039
10799
23089
2609
25139
27189
29239
23099
2619
25149
27199
29249
23109
2629
25159
27209
29259
23119
2639
25169
14929
27219
29269
23129
2649
25179
14939
27229
29279
23139
2659
25189
14949
27239
29289
23149
2669
25199
14959
27249
29299
23159
2679
25209
27259
29309
23169
2689
25219
27269
29319
23179
2699
25229
27279
29329
19089
23189
2709
25239
27289
29339
19099
23199
2719
25249
27299
29349
19109
2729
25259
27309
29359
19119
2739
25269
27319
29369
2749
25279
27329
29379
2759
25289
27339
29389
13009
23249
2769
25299
27349
29399
13019
23259
2779
25309
27359
29409
13029
23269
2789
25319
27369
29419
13039
23279
2799
25329
27379
29429
23289
2809
25339
27389
29439
23299
2819
25349
27399
29449
23309
2829
25359
17169
27409
29459
23319
2839
25369
17179
27419
29469
23329
2849
25379
17189
27429
29479
23339
2859
25389
17199
27439
23349
2869
25399
27449
23359
2879
25409
27459
23369
2889
25419
27469
21329
11089
23379
2899
25429
27479
21339
11099
23389
2909
25439
27489
21349
11109
23399
2919
25449
27499
21359
11119
23409
2929
25459
27509
23419
2939
25469
27519
23429
2949
25479
27529
23439
2959
25489
15249
27539
23449
2969
25499
15259
27549
23459
2979
25509
15269
27559
23469
2989
25519
15279
27569
23479
2999
25529
27579
23489
3009
25539
27589
23499
3019
25549
27599
19409
23509
3029
25559
27609
19419
23519
3039
25569
27619
19429
23529
3049
25579
27629
19439
23539
3059
25589
27639
23549
3069
25599
27649
23559
3079
25609
27659
13329
23569
3089
25619
27669
13339
23579
3099
25629
27679
13349
23589
3109
25639
27689
13359
23599
3119
25649
27699
23609
3129
25659
27709
23619
3139
25669
27719
23629
3149
25679
17489
27729
23639
3159
25689
17499
27739
23649
3169
25699
17509
27749
23659
3179
25709
17519
27759
23669
3189
25719
27769
23679
3199
25729
27779
23689
3209
25739
27789
21649
11409
23699
3219
25749
27799
21659
11419
23709
3229
25759
27809
21669
11429
23719
3239
25769
27819
21679
11439
23729
3249
25779
27829
23739
3259
25789
27839
23749
3269
25799
27849
23759
3279
15569
25809
27859
23769
3289
15579
25819
27869
23779
3299
15589
25829
27879
23789
3309
15599
25839
27889
23799
3319
25849
27899
23809
3329
25859
27909
23819
3339
25869
27919
19729
23829
3349
25879
27929
19739
23839
3359
25889
27939
19749
23849
3369
25899
27949
19759
23859
3379
25909
27959
23869
3389
25919
27969
23879
3399
25929
27979
23889
3409
13649
25939
27989
23899
3419
13659
25949
27999
23909
3429
13669
25959
28009
23919
3439
13679
25969
28019
23929
3449
25979
28029
23939
3459
25989
28039
23949
3469
25999
28049
17809
23959
3479
26009
28059
17819
23969
3489
26019
28069
17829
23979
3499
26029
28079
17839
23989
3509
26039
28089
23999
3519
26049
28099
24009
3529
26059
28109
21969
11729
24019
3539
26069
28119
21979
11739
24029
3549
26079
28129
21989
11749
24039
3559
26089
28139
21999
11759
24049
3569
26099
28149
24059
3579
26109
28159
24069
3589
26119
28169
24079
3599
15889
26129
28179
24089
3609
15899
26139
28189
24099
3619
15909
26149
28199
24109
3629
15919
26159
28209
24119
3639
26169
28219
24129
3649
26179
28229
24139
3659
26189
28239
20049
24149
3669
26199
28249
20059
24159
3679
26209
28259
20069
24169
3689
26219
28269
20079
24179
3699
26229
28279
24189
3709
26239
28289
24199
3719
26249
28299
24209
3729
13969
26259
28309
24219
3739
13979
26269
28319
24229
3749
13989
26279
28329
24239
3759
13999
26289
28339
24249
3769
26299
28349
24259
3779
26309
28359
24269
3789
26319
28369
18129
24279
3799
26329
28379
18139
24289
3809
26339
28389
18149
24299
3819
26349
28399
18159
24309
3829
26359
28409
24319
3839
26369
28419
24329
3849
26379
28429
22289
12049
24339
3859
26389
28439
22299
12059
24349
3869
26399
28449
22309
12069
24359
3879
26409
28459
22319
12079
24369
26419
28469
24379
26429
28479
24389
26439
28489
24399
16209
26449
28499
24409
3929
16219
26459
28509
24419
3939
16229
26469
28519
24429
3949
16239
26479
28529
24439
3959
26489
28539
24449
3969
26499
28549
1929
24459
3979
26509
28559
20369
1939
24469
3989
26519
28569
20379
1949
24479
3999
26529
28579
20389
1959
24489
4009
26539
28589
20399
24499
4019
26549
28599
24509
4029
26559
28609
24519
4039
26569
28619
24529
14289
26579
28629
2009
24539
14299
26589
28639
2019
24549
14309
26599
28649
2029
24559
14319
26609
28659
2039
24569
26619
28669
)


// ************************************************************************* //
