/*--------------------------------*- C++ -*----------------------------------*\
| =========                 |                                                 |
| \\      /  F ield         | OpenFOAM: The Open Source CFD Toolbox           |
|  \\    /   O peration     | Version:  2.3.1                                 |
|   \\  /    A nd           | Web:      www.OpenFOAM.org                      |
|    \\/     M anipulation  |                                                 |
\*---------------------------------------------------------------------------*/
FoamFile
{
    version     2.0;
    format      ascii;
    class       faceSet;
    location    "constant/polyMesh/sets";
    object      statorBlades;
}
// * * * * * * * * * * * * * * * * * * * * * * * * * * * * * * * * * * * * * //


640
(
65539 
67588 
69641 
61458 
71699 
73748 
63508 
75801 
65561 
67618 
69668 
71721 
61488 
73778 
63538 
75828 
65588 
67648 
69698 
71748 
73808 
63568 
61521 
75858 
65618 
69728 
67681 
71778 
61539 
75888 
65648 
73841 
63601 
67699 
61559 
71808 
69761 
73859 
67719 
61579 
63628 
75921 
65681 
73879 
67739 
69788 
71841 
61601 
63658 
73899 
75948 
65708 
67761 
69818 
71868 
61628 
73921 
63688 
75978 
65738 
67788 
69848 
71898 
61658 
73948 
76008 
65768 
63721 
67818 
71928 
61688 
69881 
73978 
63739 
67848 
76041 
65801 
69899 
63759 
74008 
71961 
61721 
76059 
69919 
63779 
65828 
67881 
76079 
69939 
71988 
61748 
74041 
63801 
65858 
76099 
67908 
69961 
72018 
61778 
74068 
63828 
76121 
65888 
67938 
69988 
72048 
61808 
74098 
63858 
76148 
67968 
65921 
70018 
74128 
63888 
72081 
61841 
76178 
65939 
70048 
68001 
72099 
65959 
61868 
76208 
74161 
63921 
72119 
65979 
68028 
70081 
61898 
72139 
74188 
63948 
76241 
66001 
68058 
70108 
72161 
61928 
74218 
63978 
76268 
66028 
68088 
70138 
72188 
74248 
64008 
61961 
76298 
66058 
70168 
68121 
72218 
61979 
76328 
66088 
74281 
64041 
68139 
61999 
72248 
70201 
74299 
68159 
62019 
64068 
76361 
66121 
74319 
68179 
70228 
72281 
62041 
64098 
74339 
76388 
66148 
68201 
70258 
72308 
62068 
74361 
64128 
76418 
66178 
68228 
70288 
72338 
62098 
74388 
76448 
66208 
64161 
68258 
72368 
62128 
70321 
74418 
64179 
68288 
76481 
66241 
70339 
64199 
74448 
72401 
62161 
76499 
70359 
64219 
66268 
68321 
76519 
70379 
72428 
62188 
74481 
64241 
66298 
76539 
68348 
70401 
72458 
62218 
74508 
64268 
76561 
66328 
68378 
70428 
72488 
62248 
74538 
64298 
76588 
68408 
66361 
70458 
74568 
64328 
72521 
62281 
76618 
66379 
70488 
68441 
72539 
66399 
62308 
76648 
74601 
64361 
72559 
66419 
68468 
70521 
60281 
62338 
72579 
74628 
64388 
76681 
66441 
68498 
70548 
60308 
72601 
62368 
74658 
64418 
76708 
66468 
68528 
70578 
60338 
72628 
74688 
64448 
62401 
76738 
66498 
70608 
60368 
68561 
72658 
62419 
76768 
66528 
74721 
64481 
68579 
62439 
72688 
70641 
60401 
74739 
68599 
62459 
64508 
76801 
66561 
74759 
68619 
70668 
60428 
72721 
62481 
64538 
74779 
76828 
66588 
68641 
70698 
60458 
72748 
62508 
74801 
64568 
76858 
66618 
68668 
70728 
60488 
72778 
62538 
74828 
76888 
66648 
64601 
68698 
72808 
62568 
70761 
60521 
74858 
64619 
68728 
76921 
66681 
70779 
64639 
60548 
74888 
72841 
62601 
76939 
70799 
64659 
66708 
68761 
76959 
60578 
70819 
72868 
62628 
74921 
64681 
66738 
76979 
68788 
70841 
60608 
72898 
62658 
74948 
64708 
77001 
66768 
68818 
70868 
72928 
62688 
60641 
74978 
64738 
77028 
68848 
66801 
70898 
60659 
75008 
64768 
72961 
62721 
77058 
66819 
60679 
70928 
68881 
72979 
66839 
60699 
62748 
77088 
75041 
64801 
72999 
66859 
68908 
70961 
60721 
62778 
73019 
75068 
64828 
77121 
66881 
68938 
70988 
60748 
73041 
62808 
75098 
64858 
77148 
66908 
68968 
71018 
60778 
73068 
75128 
64888 
62841 
77178 
66938 
71048 
60808 
69001 
73098 
62859 
77208 
66968 
75161 
64921 
69019 
62879 
73128 
71081 
60841 
75179 
69039 
62899 
64948 
77241 
67001 
75199 
69059 
71108 
60868 
73161 
62921 
64978 
75219 
77268 
67028 
69081 
71138 
60898 
73188 
62948 
75241 
65008 
77298 
67058 
69108 
71168 
60928 
73218 
62978 
75268 
77328 
67088 
65041 
69138 
73248 
63008 
71201 
60961 
75298 
65059 
69168 
77361 
67121 
71219 
65079 
60988 
75328 
73281 
63041 
77379 
71239 
65099 
67148 
69201 
77399 
61018 
71259 
73308 
63068 
75361 
65121 
67178 
77419 
69228 
71281 
61048 
73338 
63098 
75388 
65148 
77441 
67208 
69258 
71308 
77459 
73368 
63128 
61081 
75418 
65178 
77479 
69288 
67241 
71338 
61099 
75448 
65208 
73401 
63161 
77499 
67259 
61119 
71368 
69321 
73419 
67279 
77521 
61139 
63188 
75481 
65241 
73439 
77539 
67299 
69348 
71401 
61161 
63218 
73459 
75508 
65268 
77559 
67321 
69378 
71428 
61188 
73481 
77579 
63248 
75538 
65298 
67348 
69408 
77601 
71458 
61218 
73508 
75568 
65328 
63281 
67378 
77619 
71488 
61248 
69441 
73538 
63299 
77639 
67408 
75601 
65361 
69459 
63319 
77659 
73568 
71521 
61281 
75619 
69479 
63339 
65388 
77681 
67441 
75639 
77690 
69499 
71548 
61308 
73601 
63361 
77700 
65418 
75659 
67468 
77710 
69521 
71578 
61338 
73628 
63388 
75681 
65448 
67498 
69548 
71608 
61368 
73658 
63418 
75708 
67528 
65481 
69578 
73688 
63448 
71641 
61401 
75738 
65499 
69608 
67561 
71659 
65519 
61428 
75768 
73721 
63481 
71679 
)

// ************************************************************************* //
