/*--------------------------------*- C++ -*----------------------------------*\
| =========                 |                                                 |
| \\      /  F ield         | OpenFOAM: The Open Source CFD Toolbox           |
|  \\    /   O peration     | Version:  v1706                                 |
|   \\  /    A nd           | Web:      www.OpenFOAM.com                      |
|    \\/     M anipulation  |                                                 |
\*---------------------------------------------------------------------------*/
FoamFile
{
    version     2.0;
    format      binary;
    class       cellSet;
    arch        "LSB;label=32;scalar=64";
    location    "constant/polyMesh/sets";
    object      rotating;
}
// * * * * * * * * * * * * * * * * * * * * * * * * * * * * * * * * * * * * * //


10424
(
0
1
2
3
4
5
6
7
8
9
10
11
12
13
14
15
16
17
18
19
20
21
22
23
24
25
26
27
28
29
30
31
32
33
34
35
36
37
38
39
40
41
42
43
44
45
46
47
48
49
50
51
52
53
54
55
56
57
58
59
60
61
62
63
64
65
66
67
68
69
70
71
72
73
74
75
76
77
78
79
80
81
82
83
84
85
86
87
88
89
90
91
92
93
94
95
96
97
98
99
100
101
102
103
104
105
106
107
108
109
110
111
112
113
114
115
116
117
118
119
120
121
122
123
124
125
126
127
128
129
130
131
132
133
134
135
136
137
163978
138
163979
139
163980
140
163981
141
163982
142
163983
143
163984
144
163985
145
163986
146
163987
147
163988
148
163989
149
163990
150
163991
151
163992
152
163993
153
163994
154
163995
155
163996
156
163997
157
163998
158
163999
159
164000
160
164001
161
164002
162
164003
163
164004
164
164005
165
164006
166
164007
167
164008
168
164009
169
164010
170
164011
171
164012
172
164013
173
164014
174
164015
175
164016
176
164017
177
164018
178
164019
179
164020
180
164021
181
164022
182
164023
183
164024
184
164025
185
164026
186
164027
187
164028
188
164029
189
164030
190
164031
191
164032
192
164033
193
164034
194
164035
195
164036
196
164037
197
164038
198
164039
199
164040
200
164041
201
164042
202
164043
203
164044
204
164045
205
164046
206
164047
207
164048
208
164049
209
164050
210
164051
211
164052
212
164053
213
164054
214
164055
215
164056
216
164057
217
164058
218
164059
219
164060
220
164061
221
164062
222
164063
223
164064
224
164065
225
164066
226
164067
227
164068
228
164069
229
164070
230
164071
231
164072
232
164073
233
164074
234
164075
235
164076
236
164077
237
164078
238
164079
239
164080
240
164081
241
164082
242
164083
243
164084
244
164085
245
164086
246
164087
247
164088
248
164089
249
164090
250
164091
251
164092
252
164093
253
164094
254
164095
255
164096
256
164097
257
164098
258
164099
259
164100
260
164101
261
164102
262
164103
263
164104
264
164105
265
164106
266
164107
267
164108
268
164109
269
164110
270
164111
271
164112
272
164113
273
164114
274
164115
275
164116
276
164117
277
164118
278
164119
279
164120
280
164121
281
164122
282
164123
283
164124
284
164125
285
164126
286
164127
287
164128
288
164129
289
164130
290
164131
291
164132
292
164133
293
164134
294
164135
295
164136
296
164137
297
164138
298
164139
299
164140
300
164141
301
164142
302
164143
303
164144
304
164145
305
164146
306
164147
307
164148
308
164149
309
164150
310
164151
311
164152
312
164153
313
164154
314
164155
315
164156
316
164157
317
164158
318
164159
319
164160
320
164161
321
164162
322
164163
323
164164
324
164165
325
164166
326
164167
327
164168
328
164169
329
164170
330
164171
331
164172
332
164173
333
164174
334
164175
335
164176
336
164177
337
164178
338
164179
339
164180
340
164181
341
164182
342
164183
343
164184
344
164185
345
164186
346
164187
347
164188
348
164189
349
164190
350
164191
351
164192
352
164193
353
164194
354
164195
355
164196
356
164197
357
164198
358
164199
359
164200
360
164201
361
164202
362
164203
363
164204
364
164205
365
164206
366
164207
367
164208
368
164209
369
164210
370
164211
371
164212
372
164213
373
164214
374
164215
375
164216
376
164217
377
164218
378
164219
379
164220
380
164221
381
164222
382
164223
383
164224
384
164225
385
164226
386
164227
387
164228
388
164229
389
164230
390
164231
391
164232
392
164233
393
164234
394
164235
395
164236
396
164237
397
164238
398
164239
399
164240
400
164241
401
164242
402
164243
403
164244
404
164245
405
164246
406
164247
407
164248
408
164249
409
164250
410
164251
411
164252
412
164253
413
164254
414
164255
415
164256
416
164257
417
164258
418
164259
419
164260
420
164261
421
164262
422
164263
423
164264
424
164265
425
164266
426
164267
427
164268
428
164269
429
164270
430
164271
431
164272
432
164273
433
164274
434
164275
435
164276
436
164277
437
164278
438
164279
439
164280
440
164281
441
164282
442
164283
443
164284
444
164285
445
164286
446
164287
447
164288
448
164289
449
164290
450
164291
451
164292
452
164293
453
164294
454
164295
455
456
457
458
459
460
461
462
463
464
465
466
467
468
469
164310
470
164311
471
164312
472
164313
473
164314
474
164315
475
164316
476
164317
477
164318
478
164319
479
164320
480
164321
481
164322
482
164323
483
164324
484
164325
485
164326
486
164327
487
164328
488
164329
489
164330
490
164331
491
164332
492
164333
493
164334
494
164335
495
164336
496
164337
497
164338
498
164339
499
164340
500
164341
501
164342
502
164343
503
164344
504
164345
505
164346
506
164347
507
164348
508
164349
509
164350
510
164351
511
164352
512
164353
513
164354
514
164355
515
164356
516
164357
517
164358
518
164359
519
164360
520
164361
521
164362
522
164363
523
164364
524
164365
525
164366
526
164367
527
164368
528
164369
529
164370
530
164371
531
164372
532
164373
533
164374
534
164375
535
164376
536
164377
537
164378
538
164379
539
164380
540
164381
541
164382
542
164383
543
164384
544
164385
545
164386
546
547
548
549
550
551
552
553
554
555
556
557
558
559
560
164401
561
164402
562
164403
563
164404
564
164405
565
164406
566
164407
567
568
569
570
571
572
573
574
575
576
577
578
579
580
581
164422
582
164423
583
164424
584
164425
585
164426
586
164427
587
164428
588
164429
589
164430
590
164431
591
164432
592
164433
593
164434
594
164435
595
164436
596
164437
597
164438
598
164439
599
164440
600
164441
601
164442
602
164443
603
164444
604
164445
605
164446
606
164447
607
164448
608
164449
609
164450
610
164451
611
164452
612
164453
613
164454
614
164455
615
164456
616
164457
617
164458
618
164459
619
164460
620
164461
621
164462
622
164463
623
164464
624
164465
625
164466
626
164467
627
164468
628
164469
629
164470
630
164471
631
164472
632
164473
633
164474
634
164475
635
164476
636
164477
637
164478
638
164479
639
164480
640
164481
641
164482
642
164483
643
164484
644
164485
645
164486
646
164487
647
164488
648
164489
649
164490
650
164491
651
652
653
654
655
656
657
658
659
660
661
662
663
664
665
666
667
668
669
670
671
672
673
674
675
676
677
678
679
164520
680
164521
681
164522
682
164523
683
164524
684
164525
685
164526
686
164527
687
164528
688
164529
689
164530
690
164531
691
164532
692
164533
693
164534
694
164535
695
164536
696
164537
697
164538
698
164539
699
164540
700
164541
701
164542
702
164543
703
164544
704
164545
705
164546
706
164547
707
164548
708
164549
709
164550
710
164551
711
164552
712
164553
713
164554
714
164555
715
164556
716
164557
717
164558
718
164559
719
164560
720
164561
721
164562
722
164563
723
164564
724
164565
725
164566
726
164567
727
164568
728
164569
729
164570
730
164571
731
164572
732
164573
733
164574
734
164575
735
164576
736
164577
737
164578
738
164579
739
164580
740
164581
741
164582
742
164583
743
164584
744
164585
745
164586
746
164587
747
164588
748
164589
749
164590
750
164591
751
164592
752
164593
753
164594
754
164595
755
164596
756
757
758
759
760
761
762
763
764
765
766
767
768
769
770
164611
771
164612
772
164613
773
164614
774
164615
775
164616
776
164617
777
164618
778
164619
779
164620
780
164621
781
164622
782
164623
783
164624
784
164625
785
164626
786
164627
787
164628
788
164629
789
164630
790
164631
791
792
793
794
795
796
797
798
799
800
801
802
803
804
805
806
807
808
809
810
811
812
813
814
815
816
817
818
819
820
821
822
823
824
825
826
827
828
829
830
831
832
833
834
835
836
837
838
839
840
841
842
843
844
845
846
847
848
849
850
851
852
853
854
855
856
857
858
859
860
861
862
863
864
865
866
867
868
869
870
871
872
873
874
875
876
877
878
879
880
881
882
883
884
885
886
887
888
889
890
891
892
167344
167345
167346
167347
167348
167349
167350
167351
167352
167353
167354
167355
167356
167357
167358
167359
167360
167361
167362
167363
167364
167365
167366
167367
167368
167369
167370
167371
167372
167373
167374
167375
167376
167377
167378
167379
167380
167381
167382
167383
167384
167385
167386
167387
167388
167389
167390
167391
167392
167393
167394
167395
167396
167397
167398
167399
167400
167401
167402
167403
167404
167405
167406
167407
167408
167409
167410
167411
167412
167413
167414
167415
167416
167417
167418
167419
167420
167421
167422
167423
167424
167425
167426
167427
167428
167429
167430
167431
167432
167433
167434
167435
167436
167437
167438
167439
167440
167441
167442
167443
167444
167445
167446
167447
167448
167449
167450
167451
167452
167453
167454
167455
167456
167457
167458
167459
167460
167461
167462
167463
167464
167465
167466
167467
167468
167469
167470
167471
167472
167473
167474
167475
167476
167477
167478
167479
167480
167481
167482
167483
167484
167485
167486
167487
167488
167489
167490
167491
167492
167493
167494
167495
167496
167497
167498
167499
167500
167501
167502
167503
167504
167505
167506
167507
167508
167509
167510
167511
167512
167513
167514
167515
167516
167517
167518
167519
167520
167521
167522
167523
167524
167525
167526
167527
167528
167529
167530
167531
167532
167533
167534
167535
167536
167537
167538
167539
167540
167541
167542
167543
167544
167545
167546
167547
167548
167549
167550
167551
167552
167553
167554
167555
167556
167557
167558
167559
167560
167561
167562
167563
167564
167565
167566
167567
167568
167569
167570
167571
167572
167573
167574
167575
167576
167577
167578
167579
167580
167581
167582
167583
167584
167585
167586
167587
167588
167589
167590
167591
167592
167593
167594
167595
167596
167597
167598
167599
167600
167601
167602
167603
167604
167605
167606
167607
167608
167609
167610
167611
167612
167613
167614
167615
167616
167617
167618
167619
167620
167621
167622
167623
167624
167625
167626
167627
167628
167629
167630
167631
167632
167633
167634
167635
167636
167637
167638
167639
167640
167641
167642
167643
167644
167645
167646
167647
167648
167649
167650
167651
167652
167653
167654
167655
167656
167657
167658
167659
167660
167661
167662
167663
167664
167665
167666
167667
167668
167669
167670
167671
167672
167673
167674
167675
167676
167677
167678
167679
167680
167681
167682
167683
167684
167685
167686
167687
167688
167689
167690
167691
167692
167693
167694
167695
167696
167697
167698
167699
167700
167701
167702
167703
167704
167705
167706
167707
167708
167709
167710
167711
167712
167713
167714
167715
167716
167717
167718
167719
167720
167721
167722
167723
167724
167725
167726
167727
167728
167729
167730
167731
167732
167733
167734
167735
167736
167737
167738
167739
167740
167741
167742
167743
167744
167745
167746
167747
167748
167749
167750
167751
167752
167753
167754
167755
167756
167757
167758
167759
167760
167761
167762
167763
167764
167765
167766
167767
167768
167769
167770
167771
167772
167773
167774
167775
167776
167777
167778
167779
167780
167781
167782
167783
167784
167785
167786
167787
167788
167789
167790
167791
167792
167793
167794
167795
167796
167797
167798
167799
167800
167801
167802
167803
167804
167805
167806
167807
167808
167809
167810
167811
167812
167813
167814
167815
167816
167817
167818
167819
167820
167821
167822
167823
167824
167825
167826
167827
167828
167829
167830
167831
167832
167833
19355
19356
19357
19358
19359
19360
19361
19362
19363
19364
19365
19366
19367
19368
19369
19370
19371
19372
19373
19374
19375
19376
19377
19378
19379
19380
19381
19382
19383
19384
19385
19386
19387
19388
19389
19390
19391
19392
19393
19394
19395
19396
19397
19398
19399
19400
19401
19402
19403
19404
19405
19406
19407
19408
19409
19410
19411
19412
19413
19414
19415
19416
19417
19418
19419
19420
19421
19422
19423
19424
19425
19426
19427
19428
19429
19430
19431
19432
19433
19434
19435
19436
19437
19438
19439
19440
19441
19442
19443
19444
19445
19446
19447
19448
19449
19450
19451
19452
19453
19454
19455
19456
19457
19458
19459
19460
19461
19462
19463
19464
19465
19466
19467
19468
19469
19470
19471
19472
19473
19474
19475
19476
19477
19478
19479
19480
19481
19482
19483
19484
19485
19486
19487
19488
19489
19490
19491
19492
19493
19494
19495
19496
19497
19498
19499
19500
19501
19502
19503
19504
19505
19506
19507
19508
19509
19510
19511
19512
19513
19514
19515
19516
19517
19518
19519
19520
19521
19522
19523
19524
19525
19526
19527
19528
19529
19530
19531
19532
19533
19534
19535
19536
19537
85074
19538
85075
19539
85076
85077
85078
85079
85080
19544
85081
19545
85082
19546
85083
85084
85085
85086
85087
19551
85088
19552
85089
19553
85090
85091
85092
85093
85094
19558
85095
19559
85096
19560
85097
85098
85099
85100
85101
19565
85102
19566
85103
19567
85104
85105
85106
85107
85108
19572
85109
19573
85110
19574
85111
85112
85113
85114
85115
19579
85116
19580
85117
19581
85118
85119
85120
85121
85122
19586
85123
19587
85124
19588
85125
85126
85127
85128
85129
19593
85130
19594
85131
19595
85132
85133
85134
85135
85136
19600
85137
19601
85138
19602
85139
85140
85141
85142
85143
19607
85144
19608
85145
19609
85146
85147
85148
85149
85150
19614
85151
19615
85152
19616
85153
85154
85155
85156
85157
19621
85158
19622
85159
19623
85160
85161
85162
85163
85164
19628
85165
19629
85166
19630
85167
19631
85168
19632
85169
19633
85170
19634
85171
19635
85172
19636
85173
85174
85175
85176
85177
19641
85178
19642
85179
19643
85180
85181
85182
85183
85184
19648
85185
19649
85186
19650
85187
19651
85188
19652
85189
19653
85190
19654
85191
19655
85192
19656
85193
85194
85195
85196
85197
19661
85198
19662
85199
19663
85200
85201
85202
85203
85204
19668
85205
19669
85206
19670
85207
85208
85209
85210
85211
19675
85212
19676
85213
19677
85214
85215
85216
85217
85218
19682
85219
19683
85220
19684
85221
85222
85223
85224
85225
19689
85226
19690
85227
19691
85228
85229
85230
85231
85232
19696
85233
19697
85234
19698
85235
85236
85237
85238
85239
19703
85240
19704
85241
19705
85242
85243
85244
85245
85246
19710
85247
19711
85248
19712
85249
85250
85251
85252
85253
19717
85254
19718
85255
19719
85256
85257
85258
85259
85260
19724
85261
19725
85262
19726
85263
85264
85265
85266
85267
19731
85268
19732
85269
19733
85270
85271
85272
85273
85274
19738
85275
19739
85276
19740
85277
85278
85279
85280
85281
85282
85283
85284
85285
85286
85287
85288
85289
85290
85291
85292
85293
85294
85295
85296
85297
85298
85299
85300
85301
85302
85303
85304
85305
85306
85307
85308
85309
85310
85311
85312
85313
85314
85315
85316
85317
85318
85319
85320
85321
85322
85323
85324
85325
85326
85327
85328
85329
85330
85331
85332
85333
85334
85335
85336
85337
85338
85339
85340
85341
85342
85343
85344
85345
85346
85347
85348
85349
85350
85351
85352
85353
85354
85355
85356
85357
85358
85359
85360
85361
85362
85363
85364
85365
85366
85367
85368
85369
85370
85371
85372
85373
85374
85375
85376
85377
85378
85379
85380
85381
85382
85383
85384
85385
85386
85387
85388
85389
85390
85391
85392
85393
85394
85395
85396
85397
85398
85399
85400
85401
85402
85403
85404
85405
85406
85407
85408
85409
85410
85411
85412
85413
85414
85415
85416
85417
85418
85419
85420
85421
85422
85423
85424
85425
85426
85427
85428
85429
85430
85431
85432
85433
85434
85435
85436
85437
85438
85439
85440
85441
85442
85443
85444
85445
85446
85447
85448
85449
85450
85451
85452
85453
85454
85455
85456
85457
85458
85459
85460
85461
85462
85463
85464
85465
85466
85467
85468
85469
85470
85471
85472
85473
85474
85475
85476
21250
21251
21252
21253
21254
21255
21256
21257
21258
21259
21260
21261
21262
21263
21264
21265
21266
21267
21268
21269
21270
21271
21272
21273
21274
21275
21276
21277
21278
21279
21280
21281
21282
21283
21284
21285
21286
21287
21288
21289
21290
21291
21292
21293
21294
21295
21296
21297
21298
21299
21300
21301
21302
21303
21304
21305
21306
21307
21308
21309
21310
21311
21312
21313
21314
21315
21316
21317
21318
21319
21320
21321
21322
21323
21324
21325
21326
21327
21328
21329
21330
21331
21332
21333
21334
21335
21336
21337
21338
21339
21340
21341
21342
21343
21344
21345
21346
21347
21348
21349
86886
21350
86887
21351
86888
21352
86889
21353
86890
21354
86891
21355
86892
21356
86893
21357
86894
21358
86895
21359
86896
21360
86897
21361
86898
21362
86899
21363
86900
21364
86901
21365
86902
21366
86903
21367
86904
21368
86905
21369
86906
21370
86907
21371
86908
21372
86909
21373
86910
21374
86911
21375
86912
21376
86913
21377
86914
21378
86915
21379
86916
21380
86917
21381
86918
21382
86919
21383
86920
21384
86921
21385
86922
21386
86923
21387
86924
21388
86925
21389
86926
21390
86927
21391
86928
21392
86929
21393
86930
21394
86931
21395
86932
21396
86933
21397
86934
21398
86935
21399
86936
21400
86937
21401
86938
21402
86939
21403
86940
21404
86941
21405
86942
21406
86943
21407
86944
21408
86945
21409
86946
21410
86947
21411
86948
21412
86949
21413
86950
21414
86951
21415
86952
21416
86953
21417
86954
21418
86955
21419
86956
21420
86957
21421
86958
21422
86959
21423
86960
21424
86961
21425
86962
21426
86963
21427
86964
21428
86965
21429
86966
21430
86967
21431
86968
21432
86969
21433
86970
21434
86971
21435
86972
21436
86973
21437
86974
21438
86975
21439
86976
21440
86977
21441
86978
21442
86979
21443
86980
21444
86981
21445
86982
21446
86983
21447
86984
21448
86985
21449
86986
21450
86987
21451
86988
21452
86989
21453
86990
21454
86991
21455
86992
21456
86993
21457
86994
21458
86995
21459
86996
21460
86997
21461
86998
21462
86999
21463
87000
21464
87001
21465
87002
21466
87003
21467
87004
21468
87005
21469
87006
21470
87007
21471
87008
21472
87009
21473
87010
21474
87011
21475
87012
21476
87013
21477
87014
21478
87015
21479
87016
21480
87017
21481
87018
21482
87019
21483
87020
21484
87021
21485
87022
21486
87023
21487
87024
21488
87025
21489
87026
21490
87027
21491
87028
21492
87029
21493
87030
21494
87031
21495
87032
21496
87033
21497
87034
21498
87035
21499
87036
21500
87037
21501
87038
21502
87039
21503
87040
21504
87041
21505
87042
21506
87043
21507
87044
21508
87045
21509
87046
21510
87047
21511
87048
21512
87049
21513
87050
21514
87051
21515
87052
21516
87053
21517
87054
21518
87055
21519
87056
21520
87057
21521
87058
21522
87059
21523
87060
21524
87061
21525
87062
21526
87063
21527
87064
21528
87065
21529
87066
21530
87067
21531
87068
21532
87069
21533
87070
21534
87071
21535
87072
21536
87073
21537
87074
21538
87075
21539
87076
21540
87077
21541
87078
21542
87079
21543
87080
21544
87081
21545
87082
21546
87083
21547
87084
21548
87085
21549
87086
21550
87087
21551
87088
21552
87089
21553
87090
21554
87091
21555
87092
21556
87093
21557
87094
21558
87095
21559
87096
21560
87097
21561
87098
21562
87099
21563
87100
21564
87101
21565
87102
21566
87103
21567
87104
21568
87105
21569
87106
21570
87107
21571
87108
21572
87109
21573
87110
21574
87111
21575
87112
21576
87113
21577
87114
21578
87115
21579
87116
21580
87117
21581
87118
21582
87119
21583
87120
21584
87121
21585
87122
21586
87123
21587
87124
21588
87125
21589
87126
21590
87127
21591
87128
21592
87129
21593
87130
21594
87131
21595
87132
21596
87133
21597
87134
21598
87135
21599
87136
21600
87137
21601
87138
21602
87139
21603
87140
21604
87141
21605
87142
21606
87143
21607
87144
21608
87145
21609
87146
21610
87147
21611
87148
21612
87149
21613
87150
21614
87151
21615
87152
21616
87153
21617
87154
21618
87155
21619
87156
21620
87157
21621
87158
21622
87159
21623
87160
21624
87161
21625
87162
21626
87163
21627
87164
21628
87165
21629
87166
21630
87167
21631
87168
21632
87169
21633
87170
21634
87171
21635
87172
21636
87173
21637
87174
21638
87175
21639
87176
21640
87177
21641
87178
21642
87179
21643
87180
21644
87181
21645
87182
21646
87183
21647
87184
21648
87185
21649
87186
21650
87187
21651
87188
21652
87189
21653
87190
21654
87191
21655
87192
21656
87193
21657
87194
21658
87195
21659
87196
21660
87197
21661
87198
21662
87199
21663
87200
21664
87201
21665
87202
21666
87203
21667
87204
21668
87205
21669
87206
21670
87207
21671
87208
21672
87209
21673
87210
21674
87211
21675
87212
21676
87213
21677
87214
21678
87215
21679
87216
21680
87217
21681
87218
21682
87219
21683
87220
21684
87221
21685
87222
21686
87223
21687
87224
21688
87225
21689
87226
21690
87227
21691
87228
21692
87229
21693
87230
21694
87231
21695
87232
21696
87233
21697
87234
21698
87235
21699
87236
21700
87237
21701
87238
21702
87239
21703
87240
21704
87241
21705
87242
21706
87243
21707
87244
21708
87245
21709
87246
21710
87247
21711
87248
21712
87249
21713
87250
21714
87251
21715
87252
21716
87253
21717
87254
21718
87255
21719
87256
21720
87257
21721
87258
21722
87259
21723
87260
21724
87261
21725
87262
21726
87263
21727
87264
21728
87265
21729
87266
21730
87267
21731
87268
21732
87269
21733
87270
21734
87271
21735
87272
21736
87273
21737
87274
21738
87275
21739
87276
21740
87277
21741
87278
21742
87279
21743
87280
21744
87281
21745
87282
21746
87283
21747
87284
21748
87285
21749
87286
21750
87287
21751
87288
21752
87289
21753
87290
21754
87291
21755
87292
21756
87293
21757
87294
21758
87295
21759
87296
21760
87297
21761
87298
21762
87299
21763
87300
21764
87301
21765
87302
21766
87303
21767
87304
21768
87305
21769
87306
21770
87307
21771
87308
21772
87309
21773
87310
21774
87311
21775
87312
21776
87313
21777
87314
21778
87315
21779
87316
21780
87317
21781
87318
21782
87319
21783
87320
21784
87321
21785
87322
21786
87323
21787
87324
21788
87325
21789
87326
21790
87327
21791
87328
21792
87329
21793
87330
21794
87331
21795
87332
21796
87333
21797
87334
21798
87335
21799
87336
21800
87337
21801
87338
21802
87339
21803
87340
21804
87341
21805
87342
21806
87343
21807
87344
21808
87345
21809
87346
21810
87347
21811
87348
21812
87349
21813
87350
21814
87351
21815
87352
21816
87353
21817
87354
21818
87355
21819
87356
21820
87357
21821
87358
21822
87359
21823
87360
21824
87361
21825
87362
21826
87363
21827
87364
21828
87365
21829
87366
21830
87367
21831
87368
21832
87369
21833
87370
21834
87371
21835
87372
21836
87373
21837
87374
21838
87375
21839
87376
21840
87377
21841
87378
21842
87379
21843
87380
21844
87381
21845
87382
21846
87383
21847
87384
21848
87385
21849
87386
21850
87387
21851
87388
21852
87389
21853
87390
21854
87391
21855
87392
21856
87393
21857
87394
21858
87395
21859
87396
21860
87397
21861
87398
21862
87399
21863
87400
21864
87401
21865
87402
21866
87403
21867
87404
21868
87405
21869
87406
21870
87407
21871
87408
21872
87409
21873
87410
21874
87411
21875
87412
21876
87413
21877
87414
21878
87415
21879
87416
21880
87417
21881
87418
21882
87419
21883
87420
21884
87421
21885
87422
21886
87423
21887
87424
21888
87425
21889
87426
21890
87427
21891
87428
21892
87429
21893
87430
21894
87431
21895
87432
21896
87433
21897
87434
21898
87435
21899
87436
21900
87437
21901
87438
21902
87439
21903
87440
21904
87441
21905
87442
21906
87443
21907
87444
21908
87445
21909
21910
21911
21912
21913
21914
21915
21916
21917
21918
21919
21920
21921
21922
21923
21924
21925
21926
21927
21928
21929
21930
21931
21932
21933
21934
21935
21936
21937
21938
21939
21940
21941
21942
21943
21944
21945
21946
21947
21948
21949
21950
21951
21952
21953
21954
21955
21956
21957
21958
21959
21960
21961
21962
21963
21964
21965
21966
21967
21968
21969
21970
21971
21972
21973
21974
21975
21976
21977
21978
21979
21980
21981
21982
21983
21984
21985
21986
21987
21988
21989
21990
21991
21992
21993
21994
21995
21996
21997
21998
21999
22000
22001
22002
22003
22004
22005
22006
22007
22008
22009
22010
22011
22012
22013
22014
22015
22016
22017
22018
22019
22020
22021
22022
22023
22024
22025
22026
22027
22028
22029
22030
22031
22032
22033
22034
22035
22036
22037
22038
22039
22040
22041
22042
22043
22044
22045
22046
22047
22048
22049
22050
22051
22052
22053
22054
22055
22056
22057
22058
22059
22060
22061
22062
22063
22064
22065
22066
22067
22068
22069
22070
22071
22072
22073
22074
22075
22076
22077
22078
22079
22080
22081
22082
22083
22084
22085
22086
22087
22088
22089
22090
22091
22092
22093
22094
22095
22096
22097
22098
22099
22100
22101
22102
22103
22104
22105
22106
22107
22108
22109
22110
22111
22112
22113
22114
22115
22116
22117
22118
22119
22120
22121
22122
22123
22124
22125
22126
22127
22128
22129
22130
22131
22132
22133
22134
22135
22136
22137
22138
22139
22140
22141
22142
22143
22144
22145
22146
22147
22148
22149
22150
22151
22152
22153
22154
22155
22156
22157
22158
22159
22160
22161
22162
22163
22164
22165
22166
22167
22168
22169
22170
22171
22172
22173
22174
22175
22176
22177
22178
22179
22180
22181
22182
22183
22184
22185
22186
22187
22188
22189
22190
22191
22192
22193
22194
22195
22196
22197
22198
22199
22200
22201
22202
22203
22204
22205
22206
22207
22208
22209
22210
22211
22212
22213
22214
22215
22216
22217
22218
22219
22220
22221
22222
22223
22224
22225
22226
22227
22228
22229
22230
22231
22232
22233
22234
22235
22236
22237
22238
22239
22240
22241
22242
22243
22244
22245
22246
22247
22248
22249
22250
22251
22252
22253
22254
22255
22256
22257
22258
22259
22260
22261
22262
22263
22264
22265
22266
22267
22268
22269
22270
22271
22272
22273
22274
22275
22276
22277
22278
22279
22280
22281
22282
22283
22284
22285
22286
22287
22288
22289
22290
22291
22292
22293
22294
22295
22296
22297
22298
22299
22300
22301
22302
22303
22304
22305
22306
22307
22308
22309
22310
22311
22312
22313
22314
22315
22316
22317
22318
22319
22320
22321
22322
22323
22324
22325
22326
22327
22328
22329
22330
22331
22332
22333
22334
22335
22336
22337
22338
22339
22340
22341
22342
22343
22344
22345
22346
22347
22348
22349
22350
22351
22352
22353
22354
22355
22356
22357
22358
22359
22360
22361
22362
22363
22364
22365
22366
22367
22368
22369
22370
22371
22372
22373
22374
22375
22376
22377
22378
22379
22380
22381
22382
22383
22384
87921
22385
87922
22386
87923
22387
87924
22388
87925
22389
87926
22390
87927
22391
87928
22392
87929
22393
87930
22394
87931
22395
87932
22396
87933
22397
87934
22398
87935
22399
87936
22400
87937
22401
87938
22402
87939
22403
87940
22404
87941
22405
87942
22406
87943
22407
87944
22408
87945
22409
87946
22410
87947
22411
87948
22412
87949
22413
87950
22414
87951
22415
87952
22416
87953
22417
87954
22418
87955
22419
87956
22420
87957
22421
87958
22422
87959
22423
87960
22424
87961
22425
87962
22426
87963
22427
87964
22428
87965
22429
87966
22430
87967
22431
87968
22432
87969
22433
87970
22434
87971
22435
87972
22436
87973
22437
87974
22438
87975
22439
87976
22440
87977
22441
87978
22442
87979
22443
87980
22444
87981
22445
87982
22446
87983
22447
87984
22448
87985
22449
87986
22450
87987
22451
87988
22452
87989
22453
87990
22454
87991
22455
87992
22456
87993
22457
87994
22458
87995
22459
87996
22460
87997
22461
87998
22462
87999
22463
88000
22464
88001
22465
88002
22466
88003
22467
88004
22468
88005
22469
88006
22470
88007
22471
88008
22472
88009
22473
88010
22474
88011
22475
88012
22476
88013
22477
88014
22478
88015
22479
88016
22480
88017
22481
88018
22482
88019
22483
88020
22484
88021
22485
88022
22486
88023
22487
88024
22488
88025
22489
88026
22490
88027
22491
88028
22492
88029
22493
88030
22494
88031
22495
88032
22496
88033
22497
88034
22498
88035
22499
88036
22500
88037
22501
88038
22502
88039
22503
88040
22504
88041
22505
88042
22506
88043
22507
88044
22508
88045
22509
88046
22510
88047
22511
88048
22512
88049
22513
88050
22514
88051
22515
88052
22516
88053
22517
88054
22518
88055
22519
88056
22520
88057
22521
88058
22522
88059
22523
88060
22524
88061
22525
88062
22526
88063
22527
88064
22528
88065
22529
88066
22530
88067
22531
88068
22532
88069
22533
88070
22534
88071
22535
88072
22536
88073
22537
88074
22538
88075
22539
88076
22540
88077
22541
88078
22542
88079
22543
88080
22544
88081
22545
88082
22546
88083
22547
88084
22548
88085
22549
88086
22550
88087
22551
88088
22552
88089
22553
88090
22554
88091
22555
88092
22556
88093
22557
88094
22558
88095
22559
88096
22560
88097
22561
88098
22562
88099
22563
88100
22564
88101
22565
88102
22566
88103
22567
88104
22568
88105
22569
88106
22570
88107
22571
88108
22572
88109
22573
88110
22574
88111
22575
88112
22576
88113
22577
88114
22578
88115
22579
88116
22580
88117
22581
88118
22582
88119
22583
88120
22584
88121
22585
88122
22586
88123
22587
88124
22588
88125
22589
88126
22590
88127
22591
88128
22592
88129
22593
88130
22594
88131
22595
88132
22596
88133
22597
88134
22598
88135
22599
88136
22600
88137
22601
88138
22602
88139
22603
88140
22604
88141
22605
88142
22606
88143
22607
88144
22608
88145
22609
88146
22610
88147
22611
88148
22612
88149
22613
88150
22614
88151
22615
88152
22616
88153
22617
88154
22618
88155
22619
88156
22620
88157
22621
88158
22622
88159
22623
88160
22624
88161
22625
88162
22626
88163
22627
88164
22628
88165
22629
88166
22630
88167
22631
88168
22632
88169
22633
88170
22634
88171
22635
88172
22636
88173
22637
88174
22638
88175
22639
88176
22640
88177
22641
88178
22642
88179
22643
88180
22644
88181
22645
88182
22646
88183
22647
88184
22648
88185
22649
88186
22650
88187
22651
88188
22652
88189
22653
88190
22654
88191
22655
88192
22656
88193
22657
88194
22658
88195
22659
88196
22660
88197
22661
88198
22662
88199
22663
88200
22664
88201
22665
88202
22666
88203
22667
88204
22668
88205
22669
88206
22670
88207
22671
88208
22672
88209
22673
88210
22674
88211
22675
88212
22676
88213
22677
88214
22678
88215
22679
88216
22680
88217
22681
88218
22682
88219
22683
88220
22684
88221
22685
88222
22686
88223
22687
88224
22688
88225
22689
88226
22690
88227
22691
88228
22692
88229
22693
88230
22694
88231
22695
88232
22696
88233
22697
88234
22698
88235
22699
88236
22700
88237
22701
88238
22702
88239
22703
88240
22704
88241
22705
88242
22706
88243
22707
88244
22708
88245
22709
88246
22710
88247
22711
88248
22712
88249
22713
88250
22714
88251
22715
88252
22716
88253
22717
88254
22718
88255
22719
88256
22720
88257
22721
88258
22722
88259
22723
88260
22724
88261
22725
88262
22726
88263
22727
88264
22728
88265
22729
88266
22730
88267
22731
88268
22732
88269
22733
88270
22734
88271
22735
88272
22736
88273
22737
88274
22738
88275
22739
88276
22740
88277
22741
88278
22742
88279
22743
88280
22744
88281
22745
88282
22746
88283
22747
88284
22748
88285
22749
88286
22750
88287
22751
88288
22752
88289
22753
88290
22754
88291
22755
88292
22756
88293
22757
88294
22758
88295
22759
88296
22760
88297
22761
88298
22762
88299
22763
88300
22764
88301
22765
88302
22766
88303
22767
88304
22768
88305
22769
88306
22770
88307
22771
88308
22772
88309
22773
88310
22774
88311
22775
88312
22776
88313
22777
88314
22778
88315
22779
88316
22780
88317
22781
88318
22782
88319
22783
88320
22784
88321
22785
88322
22786
88323
22787
88324
22788
88325
22789
88326
22790
88327
22791
88328
22792
88329
22793
88330
22794
88331
22795
88332
22796
88333
22797
88334
22798
88335
22799
88336
22800
88337
22801
88338
22802
88339
22803
88340
22804
88341
22805
88342
22806
88343
22807
88344
22808
88345
22809
88346
22810
88347
22811
88348
22812
88349
22813
88350
22814
88351
22815
88352
22816
88353
22817
88354
22818
88355
22819
88356
22820
88357
22821
88358
22822
88359
22823
88360
22824
88361
22825
88362
22826
88363
22827
88364
22828
88365
22829
88366
22830
88367
22831
88368
22832
88369
22833
88370
22834
88371
22835
88372
22836
88373
22837
88374
22838
88375
22839
88376
22840
88377
22841
88378
22842
88379
22843
88380
22844
88381
22845
88382
22846
88383
22847
88384
22848
88385
22849
88386
22850
88387
22851
88388
22852
88389
22853
88390
22854
88391
22855
88392
22856
88393
22857
88394
22858
88395
22859
88396
22860
88397
22861
88398
22862
88399
22863
88400
22864
88401
22865
88402
22866
88403
22867
88404
22868
88405
22869
88406
22870
88407
22871
88408
22872
88409
22873
88410
22874
88411
22875
88412
22876
88413
22877
88414
22878
88415
22879
88416
22880
88417
22881
88418
22882
88419
22883
88420
22884
88421
22885
88422
22886
88423
22887
88424
22888
88425
22889
88426
22890
88427
22891
88428
22892
88429
22893
88430
22894
88431
22895
88432
22896
88433
22897
88434
22898
88435
22899
88436
22900
88437
22901
88438
22902
88439
22903
88440
22904
88441
22905
88442
22906
88443
22907
88444
22908
88445
22909
88446
22910
88447
22911
88448
22912
88449
22913
88450
22914
88451
22915
88452
22916
88453
22917
88454
22918
88455
22919
88456
22920
88457
22921
88458
22922
88459
22923
88460
22924
88461
22925
88462
22926
88463
22927
88464
22928
88465
22929
88466
22930
88467
22931
88468
22932
88469
22933
88470
22934
88471
22935
88472
22936
88473
22937
88474
22938
88475
22939
88476
22940
88477
22941
88478
22942
88479
22943
88480
22944
88481
22945
88482
22946
88483
22947
88484
22948
88485
22949
88486
22950
88487
22951
88488
22952
88489
22953
88490
22954
88491
22955
88492
22956
88493
22957
88494
22958
88495
22959
88496
22960
88497
22961
88498
22962
88499
22963
88500
22964
88501
22965
88502
22966
88503
22967
88504
22968
88505
22969
88506
22970
88507
22971
88508
22972
88509
22973
88510
22974
88511
22975
88512
22976
88513
22977
88514
22978
88515
22979
88516
22980
88517
22981
88518
22982
88519
22983
88520
22984
88521
22985
88522
22986
88523
22987
88524
22988
88525
22989
88526
22990
88527
22991
88528
22992
88529
22993
88530
22994
88531
22995
88532
22996
88533
22997
88534
22998
88535
22999
88536
23000
88537
23001
88538
23002
88539
23003
88540
23004
88541
23005
88542
23006
88543
23007
88544
23008
88545
23009
88546
23010
88547
23011
88548
23012
88549
23013
88550
23014
88551
23015
88552
23016
88553
23017
88554
23018
88555
23019
88556
23020
88557
23021
88558
23022
88559
23023
88560
23024
88561
23025
88562
23026
88563
23027
88564
23028
88565
23029
88566
23030
88567
23031
88568
23032
88569
23033
88570
23034
88571
23035
88572
23036
88573
23037
88574
23038
88575
23039
88576
23040
88577
23041
88578
23042
88579
23043
88580
23044
88581
23045
88582
23046
88583
23047
88584
23048
88585
23049
88586
23050
88587
23051
88588
23052
88589
23053
88590
23054
88591
23055
88592
23056
88593
23057
88594
23058
88595
23059
88596
23060
88597
23061
88598
23062
88599
23063
88600
23064
88601
23065
88602
23066
88603
23067
88604
23068
88605
23069
88606
23070
88607
23071
88608
23072
88609
23073
88610
23074
88611
23075
88612
23076
88613
23077
88614
23078
88615
23079
88616
23080
88617
23081
88618
23082
88619
23083
88620
23084
88621
23085
88622
23086
88623
23087
88624
23088
88625
23089
88626
23090
88627
23091
88628
23092
88629
23093
88630
23094
88631
23095
88632
23096
88633
23097
88634
23098
88635
23099
88636
23100
88637
23101
88638
23102
88639
23103
88640
23104
88641
23105
88642
23106
88643
23107
88644
23108
88645
23109
88646
23110
88647
23111
88648
23112
88649
23113
88650
23114
88651
23115
88652
23116
88653
23117
88654
23118
88655
23119
88656
23120
88657
23121
88658
23122
88659
23123
88660
23124
88661
23125
88662
23126
88663
23127
88664
23128
88665
23129
88666
23130
88667
23131
88668
23132
88669
23133
88670
23134
88671
23135
88672
23136
88673
23137
88674
23138
88675
23139
88676
23140
88677
23141
88678
23142
88679
23143
88680
23144
88681
23145
88682
23146
88683
23147
88684
23148
88685
23149
88686
23150
88687
23151
88688
23152
88689
23153
88690
23154
88691
23155
88692
23156
88693
23157
88694
23158
88695
23159
88696
23160
88697
23161
88698
23162
88699
23163
88700
23164
88701
23165
88702
23166
88703
23167
88704
23168
88705
23169
88706
23170
88707
23171
88708
23172
88709
23173
88710
23174
88711
23175
88712
23176
88713
23177
88714
23178
88715
23179
88716
23180
88717
23181
88718
23182
88719
23183
88720
23184
88721
23185
88722
23186
88723
23187
88724
23188
88725
23189
88726
23190
88727
23191
88728
23192
88729
23193
88730
23194
88731
23195
88732
23196
88733
23197
88734
23198
88735
23199
88736
23200
88737
23201
88738
23202
88739
23203
88740
23204
88741
23205
88742
23206
88743
23207
88744
23208
88745
23209
88746
23210
88747
23211
88748
23212
88749
23213
88750
23214
88751
23215
88752
23216
88753
23217
88754
23218
88755
23219
88756
23220
88757
23221
88758
23222
88759
23223
88760
23224
88761
23225
88762
23226
88763
23227
88764
23228
88765
23229
88766
23230
88767
23231
88768
23232
88769
23233
88770
23234
88771
23235
88772
23236
88773
23237
88774
23238
88775
23239
88776
23240
88777
23241
88778
23242
88779
23243
88780
23244
88781
23245
88782
23246
88783
23247
88784
23248
88785
23249
88786
23250
88787
23251
88788
23252
88789
23253
88790
23254
88791
23255
88792
23256
88793
23257
88794
23258
88795
23259
88796
23260
88797
23261
88798
23262
88799
23263
88800
23264
88801
23265
88802
23266
88803
23267
88804
23268
88805
23269
88806
23270
88807
23271
88808
23272
88809
23273
88810
23274
88811
23275
88812
23276
88813
23277
88814
23278
88815
23279
88816
23280
88817
23281
88818
23282
88819
23283
88820
23284
88821
23285
88822
23286
88823
23287
88824
23288
88825
23289
88826
23290
88827
23291
88828
23292
88829
23293
88830
23294
88831
23295
88832
23296
88833
23297
88834
23298
88835
23299
88836
23300
88837
23301
88838
23302
88839
23303
88840
23304
88841
23305
88842
23306
88843
23307
88844
23308
88845
23309
88846
23310
88847
23311
88848
23312
88849
23313
88850
23314
88851
23315
88852
23316
88853
23317
88854
23318
88855
23319
88856
23320
88857
23321
88858
23322
88859
23323
88860
23324
88861
23325
88862
23326
88863
23327
88864
23328
88865
23329
88866
23330
88867
23331
88868
23332
88869
23333
88870
23334
88871
23335
88872
23336
88873
23337
88874
23338
88875
23339
88876
23340
88877
23341
88878
23342
88879
23343
88880
23344
88881
23345
88882
23346
88883
23347
88884
23348
88885
23349
88886
23350
88887
23351
88888
23352
88889
23353
88890
23354
88891
23355
88892
23356
88893
23357
88894
23358
88895
23359
88896
23360
88897
23361
88898
23362
88899
23363
88900
23364
88901
23365
88902
23366
88903
23367
88904
23368
88905
23369
88906
23370
88907
23371
88908
23372
88909
23373
88910
23374
88911
23375
88912
23376
88913
23377
88914
23378
88915
23379
88916
23380
88917
23381
88918
23382
88919
23383
88920
23384
88921
23385
88922
23386
88923
23387
88924
23388
88925
23389
88926
23390
88927
23391
88928
23392
88929
23393
88930
23394
88931
23395
88932
23396
88933
23397
88934
23398
88935
23399
88936
23400
88937
23401
88938
23402
88939
23403
88940
23404
88941
23405
88942
23406
88943
23407
88944
23408
88945
23409
88946
23410
88947
23411
88948
23412
88949
23413
88950
23414
88951
23415
88952
23416
88953
23417
88954
23418
88955
23419
88956
23420
88957
23421
88958
23422
88959
23423
88960
23424
88961
23425
88962
23426
88963
23427
88964
23428
88965
23429
88966
23430
88967
23431
88968
23432
88969
23433
88970
23434
88971
23435
88972
23436
88973
23437
88974
23438
88975
23439
88976
23440
88977
23441
88978
23442
88979
23443
88980
23444
88981
23445
88982
23446
88983
23447
88984
23448
88985
23449
88986
23450
88987
23451
88988
23452
88989
23453
88990
23454
88991
23455
88992
23456
88993
23457
88994
23458
88995
23459
88996
23460
88997
23461
88998
23462
88999
23463
89000
23464
89001
23465
89002
23466
89003
23467
89004
23468
89005
23469
89006
23470
89007
23471
89008
23472
89009
23473
89010
23474
89011
23475
89012
23476
89013
23477
89014
23478
89015
23479
89016
23480
89017
23481
89018
23482
89019
23483
89020
23484
89021
23485
89022
23486
89023
23487
89024
23488
89025
23489
89026
23490
89027
23491
89028
23492
89029
23493
89030
23494
89031
23495
89032
23496
89033
23497
89034
23498
89035
23499
89036
23500
89037
23501
89038
23502
89039
23503
89040
23504
89041
23505
89042
23506
89043
23507
89044
23508
89045
23509
89046
23510
89047
23511
89048
23512
89049
23513
89050
23514
89051
23515
89052
23516
89053
23517
89054
23518
89055
23519
89056
23520
89057
23521
89058
23522
89059
23523
89060
23524
89061
23525
89062
23526
89063
23527
89064
23528
89065
23529
89066
23530
89067
23531
89068
23532
89069
23533
89070
23534
89071
23535
89072
23536
89073
23537
89074
23538
89075
23539
89076
23540
89077
23541
89078
23542
89079
23543
89080
23544
89081
23545
89082
23546
89083
23547
89084
23548
89085
23549
89086
23550
89087
23551
89088
23552
89089
23553
89090
23554
89091
23555
89092
23556
89093
23557
89094
23558
89095
23559
89096
23560
89097
23561
89098
23562
89099
23563
89100
23564
89101
23565
89102
23566
89103
23567
89104
23568
89105
23569
89106
23570
89107
23571
89108
23572
89109
23573
89110
23574
89111
23575
89112
23576
89113
23577
89114
23578
89115
23579
89116
23580
89117
23581
89118
23582
89119
23583
89120
23584
89121
23585
89122
23586
89123
23587
89124
23588
89125
23589
89126
23590
89127
23591
89128
23592
89129
23593
89130
23594
89131
23595
89132
23596
89133
23597
89134
23598
89135
23599
89136
23600
89137
23601
89138
23602
89139
23603
89140
23604
89141
23605
89142
23606
89143
23607
89144
23608
89145
23609
89146
23610
89147
23611
89148
23612
89149
23613
89150
23614
89151
23615
89152
23616
89153
23617
89154
23618
89155
23619
89156
23620
89157
23621
89158
23622
89159
23623
89160
23624
89161
23625
89162
23626
89163
23627
89164
23628
89165
23629
89166
23630
89167
23631
89168
23632
89169
23633
89170
23634
89171
23635
89172
23636
89173
23637
89174
23638
89175
23639
89176
23640
89177
23641
89178
23642
89179
23643
89180
23644
89181
23645
89182
23646
89183
23647
89184
23648
89185
23649
89186
23650
89187
23651
89188
23652
89189
23653
89190
23654
89191
23655
89192
23656
89193
23657
89194
23658
89195
23659
89196
23660
89197
23661
89198
23662
89199
23663
89200
23664
89201
23665
89202
23666
89203
23667
89204
23668
89205
23669
89206
23670
89207
23671
89208
23672
89209
23673
89210
23674
89211
23675
89212
23676
89213
23677
89214
23678
89215
23679
89216
23680
89217
23681
89218
23682
89219
23683
89220
23684
89221
23685
89222
23686
89223
23687
89224
23688
89225
23689
89226
23690
89227
23691
89228
23692
89229
23693
89230
23694
89231
23695
89232
23696
89233
23697
89234
23698
89235
23699
89236
23700
89237
23701
89238
23702
89239
23703
89240
23704
89241
23705
89242
23706
89243
23707
89244
23708
89245
23709
89246
23710
89247
23711
89248
23712
89249
23713
89250
23714
89251
23715
89252
23716
89253
23717
89254
23718
89255
23719
89256
23720
89257
23721
89258
23722
89259
23723
89260
23724
89261
23725
89262
23726
89263
23727
89264
23728
89265
23729
89266
23730
89267
23731
89268
23732
89269
23733
89270
23734
89271
23735
89272
23736
89273
23737
89274
23738
89275
23739
89276
23740
89277
23741
89278
23742
89279
23743
89280
23744
89281
23745
89282
23746
89283
23747
89284
23748
89285
23749
89286
23750
89287
23751
89288
23752
89289
23753
89290
23754
89291
23755
89292
23756
89293
23757
89294
23758
89295
23759
89296
23760
89297
23761
89298
23762
89299
23763
89300
23764
89301
23765
89302
23766
89303
23767
89304
23768
89305
23769
89306
23770
89307
23771
89308
23772
89309
23773
89310
23774
89311
23775
89312
23776
89313
23777
89314
23778
89315
23779
89316
23780
89317
23781
89318
23782
89319
23783
89320
23784
23785
23786
23787
23788
23789
23790
23791
23792
23793
23794
23795
23796
23797
23798
23799
23800
23801
23802
23803
23804
23805
23806
23807
23808
23809
23810
23811
23812
23813
23814
23815
23816
23817
23818
23819
23820
23821
23822
23823
23824
23825
23826
23827
23828
23829
23830
23831
23832
23833
23834
23835
23836
23837
23838
23839
23840
23841
23842
23843
23844
23845
23846
23847
23848
23849
23850
23851
23852
23853
23854
23855
23856
23857
23858
23859
23860
23861
23862
23863
23864
23865
23866
23867
23868
23869
23870
23871
23872
23873
23874
23875
23876
23877
23878
23879
23880
23881
23882
23883
23884
23885
23886
23887
23888
23889
23890
23891
23892
23893
23894
23895
23896
23897
23898
23899
23900
23901
23902
23903
23904
23905
23906
23907
23908
23909
23910
23911
23912
23913
23914
23915
23916
23917
23918
23919
23920
23921
23922
23923
23924
23925
23926
23927
23928
23929
23930
23931
23932
23933
23934
23935
23936
23937
23938
23939
23940
23941
23942
23943
23944
23945
23946
23947
23948
23949
23950
23951
23952
23953
23954
23955
23956
23957
23958
23959
23960
23961
23962
23963
23964
23965
23966
23967
23968
23969
23970
23971
23972
23973
23974
23975
23976
23977
23978
23979
23980
23981
23982
23983
23984
23985
23986
23987
23988
23989
23990
23991
23992
23993
23994
23995
23996
23997
23998
23999
24000
24001
24002
24003
24004
24005
24006
24007
24008
24009
24010
24011
24012
24013
24014
24015
24016
24017
24018
24019
24020
24021
24022
24023
24024
24025
24026
24027
24028
24029
24030
24031
24032
24033
24034
24035
24036
24037
24038
24039
24040
24041
24042
24043
24044
24045
24046
24047
24048
24049
24050
24051
24052
24053
24054
24055
24056
24057
24058
24059
24060
24061
24062
24063
24064
24065
24066
24067
24068
24069
24070
24071
24072
24073
24074
24075
24076
24077
24078
24079
24080
24081
24082
24083
24084
24085
24086
24087
24088
24089
24090
24091
24092
24093
24094
24095
24096
24097
24098
24099
24100
24101
24102
24103
24104
24105
24106
24107
24108
24109
24110
24111
24112
24113
24114
24115
24116
24117
24118
24119
24120
24121
24122
24123
24124
24125
24126
24127
24128
24129
24130
24131
24132
24133
24134
24135
24136
24137
24138
24139
24140
24141
24142
24143
24144
24145
24146
24147
24148
24149
24150
24151
24152
24153
24154
24155
24156
24157
24158
24159
24160
24161
24162
24163
24164
24165
24166
24167
24168
24169
24170
24171
24172
24173
24174
24175
24176
24177
24178
24179
24180
24181
24182
24183
24184
24185
24186
24187
24188
24189
24190
24191
24192
24193
24194
24195
24196
24197
24198
24199
24200
24201
24202
24203
24204
24205
24206
24207
24208
24209
24210
24211
24212
24213
24214
24215
24216
24217
24218
24219
24220
24221
24222
24223
24224
24225
24226
24227
24228
24229
24230
24231
24232
24233
24234
24235
24236
24237
24238
24239
24240
24241
24242
24243
24244
24245
24246
24247
24248
24249
24250
24251
24252
24253
24254
24255
24256
24257
24258
24259
24260
24261
24262
24263
24264
24265
24266
24267
24268
24269
24270
24271
24272
24273
24274
24275
24276
24277
24278
24279
24280
24281
24282
24283
24284
24285
24286
24287
24288
24289
24290
24291
24292
24293
24294
24295
24296
24297
24298
24299
24300
24301
24302
24303
24304
24305
24306
24307
24308
24309
24310
24311
24312
24313
24314
24315
24316
24317
24318
24319
24320
24321
24322
24323
24324
24325
24326
24327
24328
24329
24330
24331
24332
24333
24334
24335
24336
24337
24338
24339
24340
24341
24342
24343
24344
24345
24346
24347
24348
24349
24350
24351
24352
24353
24354
24355
24356
24357
24358
24359
24360
24361
24362
24363
24364
24365
24366
24367
24368
24369
24370
24371
24372
24373
24374
24375
24376
24377
24378
24379
24380
24381
24382
24383
24384
24385
24386
24387
24388
24389
24390
24391
24392
24393
24394
24395
24396
24397
24398
24399
24400
24401
24402
24403
24404
24405
24406
24407
24408
24409
24410
24411
24412
24413
24414
24415
24416
24417
24418
24419
24420
24421
24422
24423
24424
24425
24426
24427
24428
24429
24430
24431
24432
24433
24434
24435
24436
24437
24438
24439
24440
24441
24442
24443
24444
24445
24446
24447
24448
24449
24450
24451
24452
24453
24454
24455
24456
24457
24458
24459
24460
24461
24462
24463
24464
24465
24466
24467
24468
24469
24470
24471
24472
24473
24474
24475
24476
24477
24478
24479
24480
24481
24482
24483
24484
24485
24486
24487
24488
24489
24490
24491
24492
24493
24494
24495
24496
24497
24498
24499
24500
24501
24502
24503
24504
24505
24506
24507
24508
24509
24510
24511
24512
24513
24514
24515
24516
24517
24518
24519
24520
24521
24522
24523
24524
24525
24526
24527
24528
24529
24530
24531
24532
24533
24534
24535
24536
24537
24538
24539
24540
24541
24542
24543
24544
24545
90082
24546
90083
24547
90084
24548
90085
24549
90086
24550
90087
24551
90088
24552
24553
24554
24555
24556
24557
24558
24559
24560
24561
24562
24563
24564
24565
24566
24567
24568
24569
24570
24571
24572
24573
24574
24575
24576
24577
24578
24579
24580
24581
24582
24583
24584
24585
24586
24587
24588
24589
24590
24591
24592
24593
24594
24595
24596
24597
24598
24599
24600
24601
24602
24603
24604
24605
24606
24607
24608
24609
24610
24611
24612
24613
24614
24615
24616
24617
24618
24619
24620
24621
24622
24623
24624
24625
24626
24627
24628
24629
24630
24631
24632
24633
24634
24635
24636
24637
24638
24639
24640
24641
24642
24643
24644
24645
24646
24647
24648
24649
24650
24651
24652
24653
24654
24655
24656
24657
24658
24659
24660
24661
24662
24663
24664
24665
24666
24667
24668
24669
24670
24671
24672
24673
24674
24675
24676
24677
24678
24679
24680
24681
24682
24683
24684
24685
24686
24687
24688
24689
24690
24691
24692
24693
24694
24695
24696
24697
24698
24699
24700
24701
24702
24703
24704
24705
24706
24707
24708
24709
24710
24711
24712
24713
24714
24715
24716
24717
24718
24719
24720
24721
24722
24723
24724
24725
24726
24727
24728
24729
24730
24731
24732
24733
24734
24735
24736
24737
24738
24739
24740
24741
24742
24743
24744
24745
24746
24747
24748
24749
24750
24751
24752
24753
24754
24755
24756
24757
24758
24759
24760
24761
24762
24763
24764
24765
24766
24767
24768
24769
24770
24771
24772
24773
24774
24775
24776
24777
24778
24779
24780
24781
24782
24783
24784
24785
24786
24787
24788
24789
24790
24791
24792
24793
24794
24795
24796
24797
24798
24799
24800
24801
24802
24803
24804
24805
24806
24807
24808
24809
24810
24811
24812
24813
24814
24815
24816
24817
24818
24819
24820
24821
24822
24823
24824
24825
24826
24827
24828
24829
24830
24831
24832
24833
24834
24835
24836
24837
24838
24839
24840
24841
24842
24843
24844
24845
24846
24847
24848
24849
24850
24851
24852
24853
24854
24855
24856
24857
24858
24859
24860
90397
24861
90398
24862
90399
24863
90400
24864
90401
24865
90402
24866
90403
24867
90404
24868
90405
24869
90406
24870
90407
24871
90408
24872
90409
24873
90410
24874
90411
24875
90412
24876
90413
24877
90414
24878
90415
24879
90416
24880
90417
24881
24882
24883
24884
24885
24886
24887
24888
24889
24890
24891
24892
24893
24894
24895
24896
24897
24898
24899
24900
24901
24902
24903
24904
24905
24906
24907
24908
24909
24910
24911
24912
24913
24914
24915
24916
24917
24918
24919
24920
24921
24922
24923
24924
24925
24926
24927
24928
24929
24930
24931
24932
24933
24934
24935
24936
24937
24938
24939
24940
24941
24942
24943
24944
24945
24946
24947
24948
24949
24950
24951
24952
24953
24954
24955
24956
24957
24958
24959
24960
24961
24962
24963
24964
24965
24966
24967
24968
24969
24970
24971
24972
24973
24974
24975
24976
24977
24978
24979
24980
24981
24982
24983
24984
24985
24986
24987
24988
24989
24990
24991
24992
24993
24994
24995
24996
24997
24998
24999
25000
25001
25002
25003
25004
25005
25006
25007
25008
25009
25010
25011
25012
25013
25014
25015
25016
25017
25018
25019
25020
25021
25022
25023
25024
25025
25026
25027
25028
25029
25030
25031
25032
25033
25034
25035
25036
25037
25038
25039
25040
25041
25042
25043
25044
25045
25046
25047
25048
25049
25050
25051
25052
25053
25054
25055
25056
25057
25058
25059
25060
25061
25062
25063
25064
25065
25066
25069
25070
25073
25074
25075
25080
25081
25082
25087
25088
25089
25094
25095
25096
25101
25102
25105
25106
25109
25111
25112
25113
25118
25119
25120
25125
25126
25127
25132
25133
25134
25139
25140
25141
25146
25147
25148
25153
25154
25155
25160
25161
25162
25167
25168
25169
25174
25175
25176
25181
25183
25184
25185
25189
90726
25190
90727
25191
90728
90729
90730
90731
90732
25196
90733
25197
90734
25198
90735
90736
90737
90738
90739
25203
90740
25204
90741
25205
90742
25206
90743
25207
90744
25208
90745
25209
90746
25210
90747
25211
90748
25212
90749
90750
90751
90752
90753
25217
90754
25218
90755
25219
90756
90757
90758
90759
90760
25224
90761
25225
90762
25226
90763
90764
90765
90766
90767
25231
90768
25232
90769
25233
90770
90771
90772
90773
90774
25238
90775
25239
90776
25240
90777
90778
90779
90780
90781
25245
90782
25246
90783
25247
90784
90785
90786
90787
90788
25252
90789
25253
90790
25254
90791
90792
90793
90794
90795
25259
90796
25260
90797
25261
90798
90799
90800
90801
90802
25266
90803
25267
90804
90805
90806
90807
25271
90808
25272
90809
25273
90810
90811
90812
90813
25277
90814
25278
90815
25279
90816
90817
90818
90819
90820
25284
90821
25285
90822
25286
90823
90824
90825
90826
90827
25291
90828
25292
90829
25293
90830
25294
90831
25295
90832
25296
90833
25297
90834
25298
90835
25299
90836
25300
90837
90838
90839
90840
90841
25305
90842
25306
90843
25307
90844
90845
90846
90847
90848
25312
90849
25313
90850
25314
90851
90852
90853
90854
90855
25319
90856
25320
90857
25321
90858
90859
90860
90861
90862
25326
90863
25327
90864
25328
90865
90866
90867
90868
90869
25333
90870
25334
90871
25335
90872
90873
90874
90875
90876
25340
90877
25341
90878
25342
90879
90880
90881
90882
90883
25347
90884
25348
90885
25349
90886
90887
90888
90889
90890
25354
90891
25355
90892
25356
90893
90894
90895
90896
90897
25361
90898
25362
90899
90900
90901
90902
25366
90903
90904
25368
90905
25369
90906
25370
90907
90908
90909
90910
90911
25375
90912
25376
90913
25377
90914
90915
90916
90917
90918
25382
90919
25383
90920
25384
90921
90922
90923
90924
90925
25389
90926
25390
90927
25391
90928
90929
90930
90931
90932
25396
90933
25397
90934
25398
90935
90936
90937
90938
90939
25403
90940
25404
90941
25405
90942
90943
90944
90945
90946
25410
90947
25411
90948
25412
90949
90950
90951
90952
90953
25417
90954
25418
90955
25419
90956
90957
90958
90959
90960
25424
90961
25425
90962
25426
90963
90964
90965
90966
90967
25431
90968
25432
90969
25433
90970
90971
90972
90973
90974
25438
90975
25439
90976
25440
90977
90978
90979
90980
90981
25445
90982
25446
90983
25447
90984
90985
90986
90987
90988
25452
90989
25453
90990
25454
90991
25459
25460
25461
25466
25467
25468
25473
25475
25476
25477
25482
25483
25484
25489
25490
25491
25496
25497
25498
25503
25504
25505
25510
25511
25512
25517
25518
25519
25524
25525
25526
25531
25532
25533
25538
25539
25540
25545
25546
25547
25552
25553
25554
25559
25560
25561
25566
25567
25568
25573
25574
25575
25580
25581
25582
25587
25588
25589
25594
25595
25598
25599
25600
25605
25606
25607
25612
25613
25614
25619
25620
25621
25626
25627
25628
25633
25634
25635
25640
25641
25642
25647
25648
25649
25654
25655
25656
25661
25662
25663
25668
25669
25670
25675
25676
25677
25682
25683
25684
25689
25690
25691
25696
25697
25698
25703
25704
25705
25710
25711
25712
25717
25720
25721
25724
25725
25726
25731
25732
25733
25738
25739
25740
25745
25746
25747
25752
25753
25754
25759
25760
25761
25766
25767
25768
25773
25774
25775
25780
25781
25782
25787
25788
25789
25794
25795
25796
25801
25802
25803
25808
25809
25810
25815
25816
25817
25822
25823
25824
25829
25830
25831
25836
25837
25838
25843
25846
25847
91384
25848
91385
91386
91387
91388
91389
25853
91390
25854
91391
25855
91392
91393
91394
91395
91396
25860
91397
25861
91398
25862
91399
91400
91401
91402
91403
25867
91404
25868
91405
25869
91406
91407
91408
91409
91410
25874
91411
25875
91412
25876
91413
91414
91415
91416
91417
25881
91418
25882
91419
25883
91420
91421
91422
91423
91424
25888
91425
25889
91426
25890
91427
91428
91429
91430
91431
25895
91432
25896
91433
25897
91434
91435
91436
91437
91438
25902
91439
25903
91440
25904
91441
91442
91443
91444
91445
25909
91446
25910
91447
25911
91448
91449
91450
91451
91452
25916
91453
25917
91454
25918
91455
91456
91457
91458
91459
25923
91460
25924
91461
25925
91462
91463
91464
91465
91466
25930
91467
25931
91468
25932
91469
91470
91471
91472
91473
25937
91474
25938
91475
25939
91476
91477
91478
91479
91480
25944
91481
25945
91482
25946
91483
91484
91485
91486
91487
25951
91488
25952
91489
25953
91490
91491
91492
91493
91494
25958
91495
25959
91496
25960
91497
91498
91499
91500
91501
25965
91502
25966
91503
25967
91504
91505
91506
91507
91508
25972
91509
25973
25974
25979
25980
25981
25986
25987
25988
25993
25994
25995
26000
26001
26002
26007
26008
26009
26014
26015
26016
26021
26022
26023
26028
26029
26030
26035
26036
26037
26042
26043
26044
26049
26050
26051
26056
26057
26058
26063
26064
26065
26070
26071
26072
26077
26078
26079
26084
26085
26086
26091
26092
26093
26098
26099
26100
26105
26106
26107
26112
26113
26114
26119
26120
26121
26126
26127
26128
26133
26134
26135
26140
26141
26142
26147
26148
26149
26154
26155
26156
26161
26162
26163
26168
26169
26170
26175
26176
26177
26182
26183
26184
26189
26190
26191
26196
26197
26198
26203
26204
26205
26210
26211
26212
26217
26218
26219
26224
26225
26226
26231
26232
26233
26238
26239
26240
26245
26246
26247
26252
26253
26254
26259
26260
26261
26266
26267
26268
26273
26274
26275
26280
26281
26284
26285
26286
26291
26292
26293
26298
26299
26300
26305
26306
26307
26312
26313
26314
26319
26320
26321
26326
26327
26328
26333
26334
26335
26340
26341
26342
26347
26348
26349
26354
26355
26356
26361
26362
26363
26368
26369
26370
26375
26376
26377
26382
26383
26384
26389
26390
26391
26396
26397
26398
26403
26406
26407
26410
26411
26412
26417
26418
26419
26424
26425
26426
26431
26432
26433
26438
26439
26440
26445
26446
26447
26452
26453
26454
26459
26460
26461
26466
26467
26468
26473
26474
26475
26480
26481
26482
26487
26488
26489
26494
26495
26496
26501
26502
26503
26508
26509
26510
26515
26516
26517
26522
26523
26524
26529
26532
26533
92070
26534
92071
92072
92073
92074
92075
26539
92076
26540
92077
26541
92078
92079
92080
92081
92082
26546
92083
26547
92084
26548
92085
92086
92087
92088
92089
26553
92090
26554
92091
26555
92092
92093
92094
92095
92096
26560
92097
26561
92098
26562
92099
92100
92101
92102
92103
26567
92104
26568
92105
26569
92106
92107
92108
92109
92110
26574
92111
26575
92112
26576
92113
92114
92115
92116
92117
26581
92118
26582
92119
26583
92120
92121
92122
92123
92124
26588
92125
26589
92126
26590
92127
92128
92129
92130
92131
26595
92132
26596
92133
26597
92134
92135
92136
92137
92138
26602
92139
26603
92140
26604
92141
92142
92143
92144
92145
26609
92146
26610
92147
26611
92148
92149
92150
92151
92152
26616
92153
26617
92154
26618
92155
92156
92157
92158
92159
26623
92160
26624
92161
26625
92162
92163
92164
92165
92166
26630
92167
26631
92168
26632
92169
92170
92171
92172
92173
26637
92174
26638
92175
26639
92176
92177
92178
92179
92180
26644
92181
26645
92182
26646
92183
92184
92185
92186
92187
26651
92188
92189
26653
92190
26654
92191
26655
92192
92193
92194
92195
92196
26660
92197
26661
92198
26662
92199
92200
92201
92202
92203
26667
92204
26668
92205
26669
92206
92207
92208
92209
92210
26674
92211
26675
92212
26676
92213
92214
92215
92216
92217
26681
92218
26682
92219
26683
92220
92221
92222
92223
92224
26688
92225
26689
92226
26690
92227
92228
92229
92230
92231
26695
92232
26696
92233
26697
92234
92235
92236
92237
92238
26702
92239
26703
92240
26704
92241
26709
92246
26710
92247
26711
92248
92249
92250
92251
92252
26716
92253
26717
92254
26718
92255
26723
92260
26724
92261
26725
92262
92263
92264
92265
92266
26730
92267
26731
92268
26732
92269
92270
92271
92272
92273
26737
92274
26738
92275
26739
92276
92277
92278
92279
92280
26744
92281
26745
92282
26746
92283
92284
92285
92286
92287
26751
92288
26752
92289
26753
92290
92291
92292
92293
92294
92295
26759
92296
26760
92297
92298
92299
92300
26764
92301
26765
92302
26766
92303
92304
92305
92306
92307
26771
92308
26772
92309
26773
92310
92311
92312
92313
92314
26778
92315
26779
92316
26780
92317
92318
26785
26786
92323
26787
92324
92325
92326
92327
92328
26792
92329
26793
92330
26794
92331
92332
26799
26800
92337
26801
92338
92339
92340
92341
92342
26806
92343
26807
92344
26808
92345
92346
92347
92348
92349
26813
92350
26814
92351
26815
92352
92353
92354
92355
92356
26820
92357
26821
92358
26822
92359
92360
92361
92362
92363
26827
92364
26828
26829
26834
26835
26836
26841
26842
26846
26847
26851
26852
26853
26858
26859
26860
26865
26866
26867
26872
26873
26874
26879
26880
26881
26886
26887
26888
26893
26894
26895
26900
26901
26902
26907
26908
26909
26910
26911
26912
26913
26914
26915
26916
26921
26922
26923
26928
26929
26933
26935
26936
26937
26942
26943
26944
26949
26950
26951
26956
26957
26958
26963
26964
26965
26970
26971
26972
26977
26978
26979
26984
26985
26986
26991
26992
26993
26998
26999
27000
27006
27009
27012
27013
27014
27019
27020
27021
27026
27027
27028
27033
27034
27035
27040
27043
162344
162345
162346
162347
162348
162349
162350
162351
162352
162353
162354
162355
162356
162357
162358
162359
162360
162361
162362
162363
162364
162365
162366
162367
162368
162369
162370
162371
162372
162373
162374
162375
162376
162377
162378
162379
162380
162381
162382
162383
162384
162385
162386
162387
162388
162389
162390
162391
162392
162393
162394
162395
162396
162397
162398
162399
162400
162401
162402
162403
162404
162405
162406
162407
162408
162409
162410
162411
162412
162413
162414
162415
162416
162417
162418
162419
162420
162421
162422
162423
162424
162425
162426
162427
162428
162429
162430
162431
162432
162433
162434
162435
162436
162437
162438
162439
162440
162441
162442
162443
162444
162445
162446
162447
162448
162449
162450
162451
162452
162453
162454
162455
162456
162457
162458
162459
162460
162461
162462
162463
162464
162465
162466
162467
162468
162469
162470
162471
162472
162473
162474
162475
162476
162477
162478
162479
162480
162481
162482
162483
162484
162485
162486
162487
162488
162489
162490
162491
162492
162493
162494
162495
162496
162497
162498
162499
162500
162501
162502
162503
162504
162505
162506
162507
162508
162509
162510
162511
162512
162513
162514
162515
162516
162517
162518
162519
162520
162521
162522
162523
162524
162525
162526
162527
162528
162529
162530
162531
162532
162533
162534
162535
162536
162537
162538
162539
162540
162541
162542
162543
162544
162545
162546
162547
162548
162549
162550
162551
162552
162553
162554
162555
162556
162557
162558
162559
162560
162561
162562
162563
162564
162565
162566
162567
162568
162569
162570
162571
162572
162573
162574
162575
162576
162577
162578
162579
162580
162581
162582
162583
162584
162585
162586
162587
162588
162589
162590
162591
162592
162593
162594
162595
162596
162597
162598
162599
162600
162601
162602
162603
162604
162605
162606
162607
162608
162609
162610
162611
162612
162613
162614
162615
162616
162617
162618
162619
162620
162621
162622
162623
162624
162625
162626
162627
162628
162629
162630
162631
162632
162633
162634
162635
162636
162637
162638
162639
162640
162641
162642
162643
162644
162645
162646
162647
162648
162649
162650
162651
162652
162653
162654
162655
162656
162657
162658
162659
162660
162661
162662
162663
162664
162665
162666
162667
162668
162669
162670
162671
162672
162673
162674
162675
162676
162677
162678
162679
162680
162681
162682
162683
162684
162685
162686
162687
162688
162689
162690
162691
162692
162693
162694
162695
162696
162697
162698
162699
162700
162701
162702
162703
162704
162705
162706
162707
162708
162709
162710
162711
162712
162713
162714
162715
162716
162717
162718
162719
162720
162721
162722
162723
162724
162725
162726
162727
162728
162729
162730
162731
162732
162733
162734
162735
162736
162737
162738
162739
162740
162741
162742
162743
162744
162745
162746
162747
162748
162749
162750
162751
162752
162753
162754
162755
162756
162757
162758
162759
162760
162761
162762
162763
162764
162765
162766
162767
162768
162769
162770
162771
162772
162773
162774
162775
162776
162777
162778
162779
162780
162781
162782
162783
162784
162785
162786
162787
162788
162789
162790
162791
162820
162821
162822
162823
162824
162825
162826
)


// ************************************************************************* //
